<!DOCTYPE HTML>
<html>
  <head>
    <meta charset="UTF-8">
    <title>Tomtom Results</title>
    <script>
      // @JSON_VAR data
      var data = {
        "program": "Tomtom",
        "version": "5.5.7",
        "release": "Wed Jun 19 13:59:04 2024 -0700",
        "cmd": [
          "tomtom", "-no-ssc", "-oc", "tomtom_output_upOralEpi",
          "-min-overlap", "5", "-dist", "pearson", "-evalue", "-thresh",
          "10.0", "meme_output_upOralEpi/meme.txt",
          "../../../references/motif_dbs/JASPAR/JASPAR2022_CORE_non-redundant_v2.meme"
        ],
        "options": {
          "strands": "both",
          "distance_measure": "pearson",
          "threshold_type": "evalue",
          "threshold_value": 10,
          "background_source": "--query--"
        },
        "alphabet": {
          "name": "DNA",
          "like": "dna",
          "ncore": 4,
          "symbols": [
            {
              "symbol": "A",
              "name": "Adenine",
              "colour": "CC0000",
              "complement": "T"
            }, {
              "symbol": "C",
              "name": "Cytosine",
              "colour": "0000CC",
              "complement": "G"
            }, {
              "symbol": "G",
              "name": "Guanine",
              "colour": "FFB300",
              "complement": "C"
            }, {
              "symbol": "T",
              "aliases": "U",
              "name": "Thymine",
              "colour": "008000",
              "complement": "A"
            }, {
              "symbol": "N",
              "aliases": "X.",
              "name": "Any base",
              "equals": "ACGT"
            }, {
              "symbol": "V",
              "name": "Not T",
              "equals": "ACG"
            }, {
              "symbol": "H",
              "name": "Not G",
              "equals": "ACT"
            }, {
              "symbol": "D",
              "name": "Not C",
              "equals": "AGT"
            }, {
              "symbol": "B",
              "name": "Not A",
              "equals": "CGT"
            }, {
              "symbol": "M",
              "name": "Amino",
              "equals": "AC"
            }, {
              "symbol": "R",
              "name": "Purine",
              "equals": "AG"
            }, {
              "symbol": "W",
              "name": "Weak",
              "equals": "AT"
            }, {
              "symbol": "S",
              "name": "Strong",
              "equals": "CG"
            }, {
              "symbol": "Y",
              "name": "Pyrimidine",
              "equals": "CT"
            }, {
              "symbol": "K",
              "name": "Keto",
              "equals": "GT"
            }
          ]
        },
        "background": [0.307, 0.193, 0.193, 0.307],
        "query_dbs": [
          {
            "source": "meme_output_upOralEpi/meme.txt",
            "name": "meme.txt",
            "loaded": 8,
            "excluded": 0,
            "last_modified": "Fri Dec 20 16:20:41 2024"
          }
        ],
        "target_dbs": [
          {
            "source": "../../../references/motif_dbs/JASPAR/JASPAR2022_CORE_non-redundant_v2.meme",
            "name": "JASPAR2022_CORE_non-redundant_v2",
            "loaded": 1956,
            "excluded": 0,
            "last_modified": "Wed Jan 10 00:00:00 2024"
          }
        ],
        "queries": [
          {
            "db": 0,
            "id": "ATAGCYGTGTATAGC",
            "alt": "MEME-7",
            "len": 15,
            "nsites": 18,
            "evalue": "2.3e-009",
            "pwm": [
              [0.996171, 0.0010663, 0.0010663, 0.00169613], 
              [0.00169613, 0.0563154, 0.0010663, 0.940922], 
              [0.996171, 0.0010663, 0.0010663, 0.00169613], 
              [0.00169613, 0.0010663, 0.995541, 0.00169613], 
              [0.00169613, 0.995541, 0.0010663, 0.00169613], 
              [0.167442, 0.332558, 0.0010663, 0.498934], 
              [0.00169613, 0.111563, 0.829795, 0.0569452], 
              [0.00169613, 0.0010663, 0.0010663, 0.996171], 
              [0.112193, 0.0010663, 0.829795, 0.0569452], 
              [0.00169613, 0.0010663, 0.0010663, 0.996171], 
              [0.996171, 0.0010663, 0.0010663, 0.00169613], 
              [0.00169613, 0.0010663, 0.0010663, 0.996171], 
              [0.830425, 0.0010663, 0.0563154, 0.112193], 
              [0.0569452, 0.0010663, 0.940292, 0.00169613], 
              [0.00169613, 0.995541, 0.0010663, 0.00169613]
            ]
          }, {
            "db": 0,
            "id": "CCGCCATBTTK",
            "alt": "MEME-6",
            "len": 11,
            "nsites": 382,
            "evalue": "1.9e-007",
            "pwm": [
              [0.047188, 0.827059, 0.0680957, 0.0576573], 
              [0.0341024, 0.882019, 0.0837986, 8.03454e-05], 
              [0.0393371, 5.05104e-05, 0.952681, 0.00793129], 
              [8.03454e-05, 0.999789, 5.05104e-05, 8.03454e-05], 
              [8.03454e-05, 0.999789, 5.05104e-05, 8.03454e-05], 
              [0.999819, 5.05104e-05, 5.05104e-05, 8.03454e-05], 
              [8.03454e-05, 5.05104e-05, 5.05104e-05, 0.999819], 
              [0.138787, 0.303636, 0.204185, 0.353391], 
              [8.03454e-05, 0.0131361, 5.05104e-05, 0.986733], 
              [8.03454e-05, 0.0157534, 5.05104e-05, 0.984116], 
              [0.0445717, 0.0419245, 0.59937, 0.314134]
            ]
          }, {
            "db": 0,
            "id": "CTGGGTGACCTGAGTCAGGCAAAGG",
            "alt": "MEME-4",
            "len": 25,
            "nsites": 5,
            "evalue": "1.4e-010",
            "pwm": [
              [0.0060196, 0.788098, 0.00378432, 0.202098], 
              [0.0060196, 0.00378432, 0.00378432, 0.986412], 
              [0.0060196, 0.199863, 0.788098, 0.0060196], 
              [0.0060196, 0.00378432, 0.984176, 0.0060196], 
              [0.0060196, 0.00378432, 0.788098, 0.202098], 
              [0.0060196, 0.00378432, 0.00378432, 0.986412], 
              [0.0060196, 0.00378432, 0.984176, 0.0060196], 
              [0.986412, 0.00378432, 0.00378432, 0.0060196], 
              [0.0060196, 0.984176, 0.00378432, 0.0060196], 
              [0.0060196, 0.984176, 0.00378432, 0.0060196], 
              [0.0060196, 0.00378432, 0.00378432, 0.986412], 
              [0.0060196, 0.199863, 0.788098, 0.0060196], 
              [0.986412, 0.00378432, 0.00378432, 0.0060196], 
              [0.0060196, 0.00378432, 0.984176, 0.0060196], 
              [0.0060196, 0.00378432, 0.00378432, 0.986412], 
              [0.0060196, 0.984176, 0.00378432, 0.0060196], 
              [0.986412, 0.00378432, 0.00378432, 0.0060196], 
              [0.0060196, 0.199863, 0.788098, 0.0060196], 
              [0.0060196, 0.00378432, 0.984176, 0.0060196], 
              [0.0060196, 0.984176, 0.00378432, 0.0060196], 
              [0.986412, 0.00378432, 0.00378432, 0.0060196], 
              [0.986412, 0.00378432, 0.00378432, 0.0060196], 
              [0.790333, 0.199863, 0.00378432, 0.0060196], 
              [0.0060196, 0.199863, 0.788098, 0.0060196], 
              [0.0060196, 0.00378432, 0.984176, 0.0060196]
            ]
          }, {
            "db": 0,
            "id": "CYCYCCCCCCCCCCCCCCCCC",
            "alt": "MEME-2",
            "len": 21,
            "nsites": 190,
            "evalue": "6.7e-048",
            "pwm": [
              [0.173754, 0.620828, 0.0684865, 0.136932], 
              [0.142192, 0.510359, 0.0474446, 0.300004], 
              [0.000161494, 0.620828, 0.142132, 0.236879], 
              [0.131671, 0.447234, 0.000101526, 0.420993], 
              [0.179014, 0.683953, 0.136872, 0.000161494], 
              [0.163234, 0.836503, 0.000101526, 0.000161494], 
              [0.0317239, 0.710254, 0.0632263, 0.194796], 
              [0.0264637, 0.831243, 0.0264037, 0.11589], 
              [0.0475046, 0.689213, 0.0158822, 0.247399], 
              [0.142192, 0.757598, 0.000101526, 0.100109], 
              [0.0422443, 0.752338, 0.000101526, 0.205317], 
              [0.000161494, 0.78916, 0.000101526, 0.210577], 
              [0.147452, 0.673431, 0.0684865, 0.110629], 
              [0.000161494, 0.804941, 0.0211435, 0.173754], 
              [0.000161494, 0.78916, 0.0421844, 0.168494], 
              [0.126411, 0.873326, 0.000101526, 0.000161494], 
              [0.0527658, 0.673431, 0.000101526, 0.273702], 
              [0.0685465, 0.636609, 0.000101526, 0.294743], 
              [0.131671, 0.799681, 0.00536176, 0.0632863], 
              [0.0843282, 0.741816, 0.010622, 0.163234], 
              [0.000161494, 0.568224, 0.152653, 0.278962]
            ]
          }, {
            "db": 0,
            "id": "GACGAAGGGCTAACGCTCGA",
            "alt": "MEME-5",
            "len": 20,
            "nsites": 27,
            "evalue": "7.7e-008",
            "pwm": [
              [0.00113284, 0.000712178, 0.923221, 0.0749335], 
              [0.997443, 0.000712178, 0.000712178, 0.00113284], 
              [0.00113284, 0.81252, 0.0376125, 0.148734], 
              [0.0749335, 0.000712178, 0.923221, 0.00113284], 
              [0.960542, 0.000712178, 0.000712178, 0.0380332], 
              [0.997443, 0.000712178, 0.000712178, 0.00113284], 
              [0.0749335, 0.000712178, 0.73872, 0.185635], 
              [0.0380332, 0.000712178, 0.960122, 0.00113284], 
              [0.111834, 0.0376125, 0.849421, 0.00113284], 
              [0.00113284, 0.997022, 0.000712178, 0.00113284], 
              [0.00113284, 0.259015, 0.000712178, 0.73914], 
              [0.997443, 0.000712178, 0.000712178, 0.00113284], 
              [0.66534, 0.0745128, 0.259015, 0.00113284], 
              [0.0749335, 0.664919, 0.0376125, 0.222535], 
              [0.00113284, 0.0745128, 0.923221, 0.00113284], 
              [0.00113284, 0.997022, 0.000712178, 0.00113284], 
              [0.185635, 0.000712178, 0.0376125, 0.776041], 
              [0.00113284, 0.923221, 0.000712178, 0.0749335], 
              [0.0749335, 0.000712178, 0.923221, 0.00113284], 
              [0.960542, 0.0376125, 0.000712178, 0.00113284]
            ]
          }, {
            "db": 0,
            "id": "TGTGTATAGCCCTGTATAGCYGTGT",
            "alt": "MEME-1",
            "len": 25,
            "nsites": 21,
            "evalue": "8.8e-069",
            "pwm": [
              [0.00145498, 0.143095, 0.000914693, 0.854536], 
              [0.00145498, 0.048308, 0.901389, 0.0488483], 
              [0.00145498, 0.000914693, 0.000914693, 0.996716], 
              [0.00145498, 0.0957013, 0.901389, 0.00145498], 
              [0.00145498, 0.048308, 0.000914693, 0.949322], 
              [0.807142, 0.143095, 0.048308, 0.00145498], 
              [0.00145498, 0.048308, 0.000914693, 0.949322], 
              [0.996716, 0.000914693, 0.000914693, 0.00145498], 
              [0.00145498, 0.048308, 0.948782, 0.00145498], 
              [0.0488483, 0.901389, 0.000914693, 0.0488483], 
              [0.00145498, 0.901389, 0.000914693, 0.0962416], 
              [0.00145498, 0.664422, 0.285275, 0.0488483], 
              [0.00145498, 0.000914693, 0.000914693, 0.996716], 
              [0.00145498, 0.0957013, 0.901389, 0.00145498], 
              [0.00145498, 0.048308, 0.000914693, 0.949322], 
              [0.901929, 0.048308, 0.048308, 0.00145498], 
              [0.00145498, 0.143095, 0.000914693, 0.854536], 
              [0.949322, 0.048308, 0.000914693, 0.00145498], 
              [0.00145498, 0.048308, 0.948782, 0.00145498], 
              [0.00145498, 0.996175, 0.000914693, 0.00145498], 
              [0.00145498, 0.474848, 0.000914693, 0.522782], 
              [0.00145498, 0.143095, 0.806602, 0.0488483], 
              [0.00145498, 0.000914693, 0.000914693, 0.996716], 
              [0.00145498, 0.048308, 0.948782, 0.00145498], 
              [0.0488483, 0.000914693, 0.000914693, 0.949322]
            ]
          }, {
            "db": 0,
            "id": "TTYYTTTBTTTTTTTTTTTTT",
            "alt": "MEME-3",
            "len": 21,
            "nsites": 502,
            "evalue": "1.7e-033",
            "pwm": [
              [0.161384, 0.11157, 0.105595, 0.621451], 
              [0.0637934, 3.84386e-05, 0.0816952, 0.854473], 
              [0.0199772, 0.294801, 0.133478, 0.551744], 
              [0.0379026, 0.288826, 0.0996206, 0.573652], 
              [0.0478606, 0.0757204, 0.19721, 0.679209], 
              [0.0319278, 0.250984, 0.0797036, 0.637384], 
              [0.0677767, 3.84386e-05, 0.0358883, 0.896297], 
              [0.0179856, 0.280858, 0.368491, 0.332664], 
              [0.207191, 0.0139797, 3.84386e-05, 0.77879], 
              [0.0757431, 0.077712, 0.0498295, 0.796715], 
              [0.0179856, 0.0577959, 3.84386e-05, 0.92418], 
              [6.11432e-05, 0.181277, 0.147419, 0.671242], 
              [0.117568, 0.0936448, 0.157378, 0.631409], 
              [0.0777347, 0.121528, 0.185261, 0.615477], 
              [0.0100192, 0.0617791, 3.84386e-05, 0.928163], 
              [0.0100192, 0.0239377, 0.0378799, 0.928163], 
              [0.0120108, 0.157378, 3.84386e-05, 0.830573], 
              [6.11432e-05, 0.258951, 0.135469, 0.605519], 
              [6.11432e-05, 0.250984, 0.0637707, 0.685184], 
              [0.045869, 0.0259293, 0.077712, 0.85049], 
              [0.0199772, 0.121528, 3.84386e-05, 0.858456]
            ]
          }, {
            "db": 0,
            "id": "YGTAAAWTGGCCACCGTAAAGAGTT",
            "alt": "MEME-8",
            "len": 25,
            "nsites": 21,
            "evalue": "3.7e-007",
            "pwm": [
              [0.00145498, 0.522242, 0.0957013, 0.380602], 
              [0.00145498, 0.000914693, 0.806602, 0.191028], 
              [0.0962416, 0.0957013, 0.000914693, 0.807142], 
              [0.901929, 0.048308, 0.048308, 0.00145498], 
              [0.807142, 0.0957013, 0.0957013, 0.00145498], 
              [0.854536, 0.143095, 0.000914693, 0.00145498], 
              [0.285815, 0.0957013, 0.0957013, 0.522782], 
              [0.0488483, 0.000914693, 0.000914693, 0.949322], 
              [0.00145498, 0.000914693, 0.996175, 0.00145498], 
              [0.00145498, 0.000914693, 0.996175, 0.00145498], 
              [0.00145498, 0.853995, 0.000914693, 0.143635], 
              [0.0488483, 0.948782, 0.000914693, 0.00145498], 
              [0.901929, 0.000914693, 0.000914693, 0.0962416], 
              [0.00145498, 0.806602, 0.190488, 0.00145498], 
              [0.00145498, 0.711815, 0.143095, 0.143635], 
              [0.191028, 0.000914693, 0.617029, 0.191028], 
              [0.00145498, 0.143095, 0.048308, 0.807142], 
              [0.664962, 0.143095, 0.0957013, 0.0962416], 
              [0.901929, 0.000914693, 0.0957013, 0.00145498], 
              [0.996716, 0.000914693, 0.000914693, 0.00145498], 
              [0.0962416, 0.000914693, 0.901389, 0.00145498], 
              [0.759749, 0.143095, 0.0957013, 0.00145498], 
              [0.00145498, 0.048308, 0.806602, 0.143635], 
              [0.00145498, 0.000914693, 0.000914693, 0.996716], 
              [0.0962416, 0.000914693, 0.000914693, 0.901929]
            ]
          }
        ],
        "targets": [
          {
            "db": 0,
            "id": "MA0003.4",
            "alt": "TFAP2A",
            "len": 14,
            "nsites": 15968,
            "url": "http://jaspar2022.genereg.net/matrix/MA0003.4",
            "pwm": [
              [0.27148, 0.256263, 0.25501, 0.217248], 
              [0.173035, 0.289328, 0.211298, 0.32634], 
              [0.177982, 0.164955, 0.237412, 0.419651], 
              [0.0681375, 0.22639, 0.623807, 0.0816644], 
              [0.0175368, 0.959476, 0.0117121, 0.0112749], 
              [0.00726688, 0.961355, 0.0132781, 0.0181008], 
              [0.0174118, 0.0734597, 0.0469699, 0.862159], 
              [0.0331927, 0.847691, 0.0880517, 0.0310637], 
              [0.849634, 0.0462809, 0.0769667, 0.0271188], 
              [0.0116498, 0.0135911, 0.966428, 0.00833087], 
              [0.00964586, 0.0146551, 0.965802, 0.00989686], 
              [0.0764664, 0.591493, 0.256638, 0.0754025], 
              [0.264279, 0.299536, 0.19107, 0.245115], 
              [0.325902, 0.245178, 0.240544, 0.188378]
            ]
          }, {
            "db": 0,
            "id": "MA0010.1",
            "alt": "br",
            "len": 14,
            "nsites": 9,
            "url": "http://jaspar2022.genereg.net/matrix/MA0010.1",
            "pwm": [
              [0.333044, 0.112011, 0.441681, 0.113264], 
              [0.113264, 0.112011, 0.112011, 0.662715], 
              [0.552825, 0.221901, 0.112011, 0.113264], 
              [0.772605, 0.00212088, 0.112011, 0.113264], 
              [0.333044, 0.00212088, 0.00212088, 0.662715], 
              [0.662715, 0.00212088, 0.00212088, 0.333044], 
              [0.442934, 0.112011, 0.441681, 0.00337362], 
              [0.772605, 0.00212088, 0.112011, 0.113264], 
              [0.113264, 0.881242, 0.00212088, 0.00337362], 
              [0.992385, 0.00212088, 0.00212088, 0.00337362], 
              [0.882495, 0.00212088, 0.112011, 0.00337362], 
              [0.552825, 0.00212088, 0.331791, 0.113264], 
              [0.442934, 0.00212088, 0.00212088, 0.552825], 
              [0.223154, 0.331791, 0.221901, 0.223154]
            ]
          }, {
            "db": 0,
            "id": "MA0014.3",
            "alt": "PAX5",
            "len": 12,
            "nsites": 1412,
            "url": "http://jaspar2022.genereg.net/matrix/MA0014.3",
            "pwm": [
              [0.382431, 0.126776, 0.409333, 0.081461], 
              [0.442625, 0.104822, 0.250704, 0.201848], 
              [0.0127688, 0.106947, 0.871765, 0.00852014], 
              [0.0127688, 0.903633, 0.024091, 0.0595075], 
              [0.0786282, 0.0247999, 0.880263, 0.0163096], 
              [0.066589, 0.0623323, 0.0212582, 0.84982], 
              [0.0113519, 0.0262158, 0.959578, 0.00285454], 
              [0.880271, 0.0276317, 0.0495852, 0.0425117], 
              [0.0226831, 0.924169, 0.0403788, 0.0127688], 
              [0.0488853, 0.76554, 0.0835767, 0.101998], 
              [0.267, 0.28682, 0.220961, 0.225218], 
              [0.18627, 0.285404, 0.254245, 0.274081]
            ]
          }, {
            "db": 0,
            "id": "MA0039.4",
            "alt": "KLF4",
            "len": 12,
            "nsites": 55817,
            "url": "http://jaspar2022.genereg.net/matrix/MA0039.4",
            "pwm": [
              [0.2252, 0.313883, 0.255173, 0.205744], 
              [0.205798, 0.2515, 0.330957, 0.211746], 
              [0.0441625, 0.881612, 0.0283613, 0.0458645], 
              [0.0377135, 0.857533, 0.0217503, 0.0830034], 
              [0.125786, 0.813461, 0.0254763, 0.0352765], 
              [0.0210155, 0.947291, 0.0142073, 0.0174865], 
              [0.81699, 0.00288434, 0.118208, 0.0619174], 
              [0.0152645, 0.938172, 0.0263363, 0.0202275], 
              [0.0289705, 0.915706, 0.0335023, 0.0218215], 
              [0.0215355, 0.914505, 0.0180053, 0.0459545], 
              [0.291381, 0.326943, 0.112726, 0.26895], 
              [0.178422, 0.344286, 0.25838, 0.218912]
            ]
          }, {
            "db": 0,
            "id": "MA0041.2",
            "alt": "FOXD3",
            "len": 16,
            "nsites": 206,
            "url": "http://jaspar2022.genereg.net/matrix/MA0041.2",
            "pwm": [
              [0.417422, 0.106838, 0.06317, 0.41257], 
              [0.568593, 0.0806236, 0.246419, 0.104363], 
              [0.347308, 0.171766, 0.171766, 0.309159], 
              [0.28284, 0.085911, 0.58062, 0.0506295], 
              [0.255839, 0.281611, 0.0207556, 0.441795], 
              [0.810183, 0.175364, 0.00483034, 0.00962336], 
              [0.919058, 0.0430838, 9.3644e-05, 0.0377647], 
              [0.944442, 0.00561596, 0.0387489, 0.0111936], 
              [0.000148957, 0.251434, 9.3644e-05, 0.748324], 
              [0.929046, 0.0218221, 0.0109584, 0.0381735], 
              [0.850482, 0.0547931, 0.0398753, 0.0548484], 
              [0.703512, 0.0700187, 0.0823587, 0.144112], 
              [0.0573902, 0.753032, 0.0573349, 0.132244], 
              [0.562939, 0.0901399, 0.135163, 0.211758], 
              [0.461913, 0.111151, 0.233898, 0.193037], 
              [0.174483, 0.255784, 0.156994, 0.41274]
            ]
          }, {
            "db": 0,
            "id": "MA0073.1",
            "alt": "RREB1",
            "len": 20,
            "nsites": 11,
            "url": "http://jaspar2022.genereg.net/matrix/MA0073.1",
            "pwm": [
              [0.273036, 0.72246, 0.00173874, 0.00276576], 
              [0.0928558, 0.90264, 0.00173874, 0.00276576], 
              [0.273036, 0.72246, 0.00173874, 0.00276576], 
              [0.00276576, 0.99273, 0.00173874, 0.00276576], 
              [0.633397, 0.362099, 0.00173874, 0.00276576], 
              [0.813577, 0.181919, 0.00173874, 0.00276576], 
              [0.723487, 0.272009, 0.00173874, 0.00276576], 
              [0.363126, 0.54228, 0.00173874, 0.0928558], 
              [0.00276576, 0.99273, 0.00173874, 0.00276576], 
              [0.993757, 0.00173874, 0.00173874, 0.00276576], 
              [0.363126, 0.63237, 0.00173874, 0.00276576], 
              [0.0928558, 0.90264, 0.00173874, 0.00276576], 
              [0.273036, 0.72246, 0.00173874, 0.00276576], 
              [0.363126, 0.54228, 0.0918287, 0.00276576], 
              [0.182946, 0.81255, 0.00173874, 0.00276576], 
              [0.363126, 0.452189, 0.00173874, 0.182946], 
              [0.363126, 0.452189, 0.0918287, 0.0928558], 
              [0.363126, 0.54228, 0.00173874, 0.0928558], 
              [0.0928558, 0.63237, 0.272009, 0.00276576], 
              [0.363126, 0.362099, 0.181919, 0.0928558]
            ]
          }, {
            "db": 0,
            "id": "MA0079.5",
            "alt": "SP1",
            "len": 9,
            "nsites": 1000,
            "url": "http://jaspar2022.genereg.net/matrix/MA0079.5",
            "pwm": [
              [0.00108559, 0.00107419, 0.950346, 0.047494], 
              [0.00108559, 0.00107419, 0.996755, 0.00108559], 
              [0.00108559, 0.00107419, 0.996755, 0.00108559], 
              [0.00108559, 0.00107419, 0.996755, 0.00108559], 
              [0.266882, 0.730958, 0.00107419, 0.00108559], 
              [0.00108559, 0.00107419, 0.996755, 0.00108559], 
              [0.00108559, 0.0854538, 0.912375, 0.00108559], 
              [0.254224, 0.0517021, 0.659236, 0.0348372], 
              [0.161407, 0.00107419, 0.836434, 0.00108559]
            ]
          }, {
            "db": 0,
            "id": "MA0095.3",
            "alt": "Yy1",
            "len": 12,
            "nsites": 43348,
            "url": "http://jaspar2022.genereg.net/matrix/MA0095.3",
            "pwm": [
              [0.320361, 0.192604, 0.206076, 0.280959], 
              [0.295215, 0.266702, 0.198164, 0.239919], 
              [0.0720455, 0.764094, 0.0849872, 0.0788735], 
              [0.958035, 0.0213624, 0.00662143, 0.0139807], 
              [0.915059, 0.0333814, 0.0304514, 0.0211087], 
              [0.709813, 0.0585033, 0.199732, 0.0319516], 
              [0.957505, 0.0172104, 0.0164254, 0.00885969], 
              [0.0158957, 0.00556043, 0.0163334, 0.962211], 
              [0.0129427, 0.00380644, 0.974968, 0.00828269], 
              [0.0368416, 0.0224004, 0.913812, 0.0269456], 
              [0.239688, 0.501752, 0.112047, 0.146512], 
              [0.226539, 0.169673, 0.319969, 0.283819]
            ]
          }, {
            "db": 0,
            "id": "MA0149.1",
            "alt": "EWSR1-FLI1",
            "len": 18,
            "nsites": 105,
            "url": "http://jaspar2022.genereg.net/matrix/MA0149.1",
            "pwm": [
              [0.000292102, 0.000183635, 0.999232, 0.000292102], 
              [0.019322, 0.000183635, 0.980202, 0.000292102], 
              [0.989826, 0.000183635, 0.00969857, 0.000292102], 
              [0.989826, 0.000183635, 0.00969857, 0.000292102], 
              [0.00980704, 0.000183635, 0.989717, 0.000292102], 
              [0.019322, 0.000183635, 0.970688, 0.00980704], 
              [0.980311, 0.000183635, 0.0192135, 0.000292102], 
              [0.970797, 0.000183635, 0.0287275, 0.000292102], 
              [0.000292102, 0.000183635, 0.989717, 0.00980704], 
              [0.000292102, 0.0192135, 0.980202, 0.000292102], 
              [0.942252, 0.0382424, 0.0192135, 0.000292102], 
              [0.999341, 0.000183635, 0.000183635, 0.000292102], 
              [0.000292102, 0.000183635, 0.999232, 0.000292102], 
              [0.000292102, 0.0192135, 0.980202, 0.000292102], 
              [0.951767, 0.0287275, 0.000183635, 0.019322], 
              [0.970797, 0.000183635, 0.0192135, 0.00980704], 
              [0.0478658, 0.000183635, 0.923115, 0.0288359], 
              [0.0288359, 0.0287275, 0.923115, 0.019322]
            ]
          }, {
            "db": 0,
            "id": "MA0162.4",
            "alt": "EGR1",
            "len": 14,
            "nsites": 30598,
            "url": "http://jaspar2022.genereg.net/matrix/MA0162.4",
            "pwm": [
              [0.231616, 0.379436, 0.216387, 0.17256], 
              [0.13063, 0.482024, 0.235669, 0.151678], 
              [0.474148, 0.336721, 0.125956, 0.0631748], 
              [0.0209829, 0.928261, 0.0247076, 0.0260479], 
              [0.167004, 0.0369635, 0.726745, 0.0692868], 
              [0.00741998, 0.958818, 0.0217336, 0.012028], 
              [0.0470628, 0.892899, 0.0475525, 0.012485], 
              [0.010263, 0.9464, 0.0228126, 0.0205249], 
              [0.728707, 0.177136, 0.0693514, 0.0248069], 
              [0.00500099, 0.964341, 0.0228456, 0.00781198], 
              [0.153475, 0.0917053, 0.671414, 0.0834047], 
              [0.0316699, 0.823451, 0.0704954, 0.0743848], 
              [0.290967, 0.341231, 0.207366, 0.160435], 
              [0.124486, 0.447283, 0.256618, 0.171613]
            ]
          }, {
            "db": 0,
            "id": "MA0163.1",
            "alt": "PLAG1",
            "len": 14,
            "nsites": 18,
            "url": "http://jaspar2022.genereg.net/matrix/MA0163.1",
            "pwm": [
              [0.00169613, 0.0010663, 0.995541, 0.00169613], 
              [0.167442, 0.0010663, 0.774547, 0.0569452], 
              [0.00169613, 0.0010663, 0.995541, 0.00169613], 
              [0.00169613, 0.0010663, 0.940292, 0.0569452], 
              [0.00169613, 0.774547, 0.222061, 0.00169613], 
              [0.00169613, 0.829795, 0.0563154, 0.112193], 
              [0.22269, 0.553553, 0.0563154, 0.167442], 
              [0.66468, 0.0010663, 0.0010663, 0.333188], 
              [0.609431, 0.27731, 0.111563, 0.00169613], 
              [0.112193, 0.0010663, 0.774547, 0.112193], 
              [0.00169613, 0.0010663, 0.995541, 0.00169613], 
              [0.00169613, 0.0010663, 0.995541, 0.00169613], 
              [0.00169613, 0.0010663, 0.885044, 0.112193], 
              [0.112193, 0.0010663, 0.885044, 0.00169613]
            ]
          }, {
            "db": 0,
            "id": "MA0249.2",
            "alt": "twi",
            "len": 11,
            "nsites": 2896,
            "url": "http://jaspar2022.genereg.net/matrix/MA0249.2",
            "pwm": [
              [0.364639, 0.179213, 0.276585, 0.179562], 
              [0.239643, 0.277967, 0.184392, 0.297997], 
              [0.8919, 0.0573247, 0.0238318, 0.0269437], 
              [0.00519042, 0.968205, 0.00829338, 0.018311], 
              [0.982021, 0.00898435, 0.00380453, 0.00519042], 
              [0.00553541, 0.699223, 0.0531818, 0.24206], 
              [0.94024, 0.019688, 0.0286657, 0.0114052], 
              [0.0107142, 0.0238318, 0.0158901, 0.949564], 
              [0.047316, 0.018652, 0.922282, 0.0117502], 
              [0.105325, 0.179213, 0.208563, 0.506899], 
              [0.320097, 0.203039, 0.247926, 0.228939]
            ]
          }, {
            "db": 0,
            "id": "MA0277.1",
            "alt": "AZF1",
            "len": 9,
            "nsites": 102,
            "url": "http://jaspar2022.genereg.net/matrix/MA0277.1",
            "pwm": [
              [0.617343, 0.127515, 0.127515, 0.127627], 
              [0.999321, 0.000189031, 0.000189031, 0.000300685], 
              [0.999321, 0.000189031, 0.000189031, 0.000300685], 
              [0.870734, 0.128776, 0.000189031, 0.000300685], 
              [0.749566, 0.000189031, 0.249944, 0.000300685], 
              [0.000300685, 0.000189031, 0.99921, 0.000300685], 
              [0.779537, 0.160032, 0.0301596, 0.0302713], 
              [0.817681, 0.0607357, 0.0607357, 0.0608473], 
              [0.617343, 0.127515, 0.127515, 0.127627]
            ]
          }, {
            "db": 0,
            "id": "MA0278.1",
            "alt": "BAS1",
            "len": 21,
            "nsites": 998,
            "url": "http://jaspar2022.genereg.net/matrix/MA0278.1",
            "pwm": [
              [0.0641523, 0.217433, 0.425829, 0.292586], 
              [0.104228, 0.55307, 0.150305, 0.192396], 
              [0.485438, 0.111342, 0.114351, 0.288869], 
              [0.0781789, 0.401783, 0.186374, 0.333664], 
              [0.455897, 0.0511162, 0.370723, 0.122263], 
              [0.248503, 0.0340839, 0.671295, 0.0461181], 
              [0.0982169, 0.725398, 0.143292, 0.0330934], 
              [0.0521815, 0.920689, 0.00703963, 0.0200887], 
              [0.348693, 0.346678, 0.280552, 0.0240763], 
              [0.0120536, 0.00302504, 0.978879, 0.00604216], 
              [0.96787, 0.00502883, 0.023063, 0.00403836], 
              [0.0260801, 0.00603073, 0.963851, 0.00403836], 
              [0.00904785, 0.0100383, 0.00402694, 0.976887], 
              [0.047073, 0.930857, 0.00702563, 0.0150443], 
              [0.892834, 0.0420571, 0.0160337, 0.0490748], 
              [0.487958, 0.123253, 0.320628, 0.0681599], 
              [0.28829, 0.140145, 0.317305, 0.254259], 
              [0.37374, 0.110228, 0.0811732, 0.434857], 
              [0.178549, 0.368086, 0.184555, 0.26881], 
              [0.4032, 0.140426, 0.342011, 0.114362], 
              [0.435422, 0.229225, 0.241236, 0.0941153]
            ]
          }, {
            "db": 0,
            "id": "MA0365.1",
            "alt": "RFX1",
            "len": 8,
            "nsites": 100,
            "url": "http://jaspar2022.genereg.net/matrix/MA0365.1",
            "pwm": [
              [0.120187, 0.269923, 0.419773, 0.190117], 
              [0.000306693, 0.000192808, 0.999194, 0.000306693], 
              [0.000306693, 0.000192808, 0.000192808, 0.999308], 
              [0.000306693, 0.000192808, 0.000192808, 0.999308], 
              [0.309997, 0.000192808, 0.689503, 0.000306693], 
              [0.000306693, 0.999194, 0.000192808, 0.000306693], 
              [0.0202867, 0.479713, 0.0201728, 0.479827], 
              [0.879428, 0.0401528, 0.0401528, 0.0402667]
            ]
          }, {
            "db": 0,
            "id": "MA0377.1",
            "alt": "SFL1",
            "len": 21,
            "nsites": 999,
            "url": "http://jaspar2022.genereg.net/matrix/MA0377.1",
            "pwm": [
              [0.272275, 0.183184, 0.130136, 0.414403], 
              [0.368731, 0.262518, 0.124255, 0.244495], 
              [0.281566, 0.244484, 0.332651, 0.1413], 
              [0.382374, 0.25625, 0.117125, 0.24425], 
              [0.314628, 0.0982055, 0.349683, 0.237482], 
              [0.368362, 0.221218, 0.198197, 0.212221], 
              [0.727686, 0.0300463, 0.124131, 0.118137], 
              [0.127145, 0.178179, 0.108116, 0.586559], 
              [0.506487, 0.261254, 0.226223, 0.00603613], 
              [0.0180649, 0.0100383, 0.961847, 0.0100497], 
              [0.957851, 0.0160497, 0.00502882, 0.0210706], 
              [0.960857, 0.00903641, 0.0210592, 0.00904783], 
              [0.0220725, 0.0471086, 0.807553, 0.123264], 
              [0.616586, 0.129135, 0.218215, 0.0360631], 
              [0.597165, 0.134275, 0.0360877, 0.232472], 
              [0.536049, 0.22144, 0.0481105, 0.1944], 
              [0.256518, 0.156317, 0.146298, 0.440869], 
              [0.492967, 0.0962017, 0.217433, 0.193398], 
              [0.431852, 0.0671466, 0.0992074, 0.401795], 
              [0.369733, 0.123253, 0.146298, 0.360716], 
              [0.410221, 0.121371, 0.0722291, 0.39618]
            ]
          }, {
            "db": 0,
            "id": "MA0396.1",
            "alt": "STP3",
            "len": 9,
            "nsites": 100,
            "url": "http://jaspar2022.genereg.net/matrix/MA0396.1",
            "pwm": [
              [0.250057, 0.0901029, 0.479713, 0.180127], 
              [0.180127, 0.419773, 0.209983, 0.190117], 
              [0.000306693, 0.000192808, 0.000192808, 0.999308], 
              [0.999308, 0.000192808, 0.000192808, 0.000306693], 
              [0.000306693, 0.000192808, 0.999194, 0.000306693], 
              [0.000306693, 0.999194, 0.000192808, 0.000306693], 
              [0.000306693, 0.000192808, 0.999194, 0.000306693], 
              [0.000306693, 0.639553, 0.180013, 0.180127], 
              [0.445407, 0.168342, 0.188124, 0.198129]
            ]
          }, {
            "db": 0,
            "id": "MA0442.2",
            "alt": "SOX10",
            "len": 11,
            "nsites": 2055,
            "url": "http://jaspar2022.genereg.net/matrix/MA0442.2",
            "pwm": [
              [0.332359, 0.193187, 0.256445, 0.218009], 
              [0.351823, 0.137716, 0.277855, 0.232607], 
              [0.544027, 0.181023, 0.15426, 0.12069], 
              [0.984395, 0.0019553, 0.00146932, 0.0121793], 
              [0.00147487, 0.967845, 0.00536213, 0.0253177], 
              [0.987315, 0.00341523, 0.00341523, 0.00585365], 
              [0.957632, 0.0136337, 0.00974092, 0.018992], 
              [0.953254, 0.0112008, 0.00584811, 0.0296975], 
              [0.0048807, 0.00633508, 0.979037, 0.00974646], 
              [0.324087, 0.268609, 0.301212, 0.106093], 
              [0.310462, 0.270069, 0.245739, 0.173729]
            ]
          }, {
            "db": 0,
            "id": "MA0443.1",
            "alt": "btd",
            "len": 10,
            "nsites": 30,
            "url": "http://jaspar2022.genereg.net/matrix/MA0443.1",
            "pwm": [
              [0.466137, 0.100309, 0.233199, 0.200355], 
              [0.333246, 0.000641197, 0.665093, 0.00101993], 
              [0.13391, 0.000641197, 0.598648, 0.266801], 
              [0.0674654, 0.000641197, 0.930873, 0.00101993], 
              [0.00101993, 0.000641197, 0.997319, 0.00101993], 
              [0.00101993, 0.000641197, 0.997319, 0.00101993], 
              [0.0674654, 0.930873, 0.000641197, 0.00101993], 
              [0.00101993, 0.000641197, 0.997319, 0.00101993], 
              [0.00101993, 0.000641197, 0.665093, 0.333246], 
              [0.499359, 0.0338635, 0.332867, 0.13391]
            ]
          }, {
            "db": 0,
            "id": "MA0465.2",
            "alt": "CDX2",
            "len": 12,
            "nsites": 32026,
            "url": "http://jaspar2022.genereg.net/matrix/MA0465.2",
            "pwm": [
              [0.354993, 0.199213, 0.232124, 0.21367], 
              [0.366421, 0.0801854, 0.275276, 0.278118], 
              [0.0985767, 0.0654474, 0.756071, 0.0799047], 
              [0.0382818, 0.830167, 0.0189535, 0.112597], 
              [0.83432, 0.103416, 0.00574558, 0.0565178], 
              [0.935394, 0.0129276, 0.0373455, 0.0143329], 
              [0.00855693, 0.0122096, 0.0120536, 0.967181], 
              [0.912413, 0.0237625, 0.0311935, 0.0326309], 
              [0.956877, 0.0108976, 0.0114286, 0.0207969], 
              [0.94064, 0.0185795, 0.0156756, 0.0251059], 
              [0.429401, 0.165459, 0.183726, 0.221414], 
              [0.318491, 0.215606, 0.185287, 0.280616]
            ]
          }, {
            "db": 0,
            "id": "MA0471.2",
            "alt": "E2F6",
            "len": 13,
            "nsites": 33098,
            "url": "http://jaspar2022.genereg.net/matrix/MA0471.2",
            "pwm": [
              [0.220436, 0.243972, 0.373375, 0.162215], 
              [0.253157, 0.22373, 0.351955, 0.171158], 
              [0.288144, 0.154148, 0.349326, 0.208381], 
              [0.0637507, 0.0346855, 0.887876, 0.0136879], 
              [0.0080379, 0.0252895, 0.960479, 0.00619491], 
              [0.116504, 0.798354, 0.0209385, 0.0642037], 
              [0.0354408, 0.0162855, 0.923709, 0.0245639], 
              [0.0102129, 0.0131135, 0.966008, 0.0106659], 
              [0.0106969, 0.0251985, 0.955161, 0.0089439], 
              [0.886366, 0.0353805, 0.0701554, 0.0080979], 
              [0.777236, 0.0481904, 0.151701, 0.0228719], 
              [0.271769, 0.223881, 0.378572, 0.125779], 
              [0.230105, 0.256118, 0.344583, 0.169195]
            ]
          }, {
            "db": 0,
            "id": "MA0478.1",
            "alt": "FOSL2",
            "len": 11,
            "nsites": 5318,
            "url": "http://jaspar2022.genereg.net/matrix/MA0478.1",
            "pwm": [
              [0.156641, 0.186912, 0.392249, 0.264198], 
              [0.286762, 0.111322, 0.50902, 0.092896], 
              [0.53798, 0.0103454, 0.437754, 0.0139205], 
              [5.77273e-06, 3.62912e-06, 3.62912e-06, 0.999987], 
              [5.77273e-06, 3.62912e-06, 0.999985, 5.77273e-06], 
              [0.954294, 0.00959345, 0.036107, 5.77273e-06], 
              [5.77273e-06, 0.617893, 0.345616, 0.0364851], 
              [5.77273e-06, 3.62912e-06, 3.62912e-06, 0.999987], 
              [0.038553, 0.961438, 3.62912e-06, 5.77273e-06], 
              [0.999987, 3.62912e-06, 3.62912e-06, 5.77273e-06], 
              [5.77273e-06, 0.263068, 0.36348, 0.373448]
            ]
          }, {
            "db": 0,
            "id": "MA0493.2",
            "alt": "KLF1",
            "len": 9,
            "nsites": 1000,
            "url": "http://jaspar2022.genereg.net/matrix/MA0493.2",
            "pwm": [
              [0.246452, 0.0706412, 0.374501, 0.308407], 
              [0.000617638, 0.000606239, 0.998157, 0.000617638], 
              [0.000617638, 0.000606239, 0.998157, 0.000617638], 
              [0.000617638, 0.000606239, 0.998157, 0.000617638], 
              [0.12489, 0.528657, 0.000606239, 0.345846], 
              [0.000617638, 0.000606239, 0.998157, 0.000617638], 
              [0.000617638, 0.000606239, 0.675075, 0.3237], 
              [0.0822035, 0.000606239, 0.896048, 0.0211426], 
              [0.000617638, 0.000606239, 0.998157, 0.000617638]
            ]
          }, {
            "db": 0,
            "id": "MA0516.3",
            "alt": "SP2",
            "len": 9,
            "nsites": 1000,
            "url": "http://jaspar2022.genereg.net/matrix/MA0516.3",
            "pwm": [
              [0.153241, 0.000752225, 0.766072, 0.0799347], 
              [0.167903, 0.000752225, 0.830581, 0.000763624], 
              [0.000763624, 0.000752225, 0.997721, 0.000763624], 
              [0.000763624, 0.000752225, 0.997721, 0.000763624], 
              [0.112189, 0.886295, 0.000752225, 0.000763624], 
              [0.000763624, 0.000752225, 0.997721, 0.000763624], 
              [0.000763624, 0.000752225, 0.974262, 0.0242223], 
              [0.120987, 0.000752225, 0.877498, 0.000763624], 
              [0.206022, 0.164959, 0.610662, 0.0183569]
            ]
          }, {
            "db": 0,
            "id": "MA0528.2",
            "alt": "ZNF263",
            "len": 12,
            "nsites": 56343,
            "url": "http://jaspar2022.genereg.net/matrix/MA0528.2",
            "pwm": [
              [0.235823, 0.23144, 0.359991, 0.172746], 
              [0.195517, 0.264611, 0.317395, 0.222477], 
