<!DOCTYPE HTML>
<html>
  <head>
    <meta charset="UTF-8">
    <title>Tomtom Results</title>
    <script>
      // @JSON_VAR data
      var data = {
        "program": "Tomtom",
        "version": "5.5.7",
        "release": "Wed Jun 19 13:59:04 2024 -0700",
        "cmd": [
          "tomtom", "-no-ssc", "-oc", "tomtom_output_upOralEpi",
          "-min-overlap", "5", "-dist", "pearson", "-thresh", "0.05",
          "meme_output_upOralEpi/meme.txt",
          "../../../references/motif_dbs/JASPAR/JASPAR2022_CORE_non-redundant_v2.meme"
        ],
        "options": {
          "strands": "both",
          "distance_measure": "pearson",
          "threshold_type": "qvalue",
          "threshold_value": 0.05,
          "background_source": "--query--"
        },
        "alphabet": {
          "name": "DNA",
          "like": "dna",
          "ncore": 4,
          "symbols": [
            {
              "symbol": "A",
              "name": "Adenine",
              "colour": "CC0000",
              "complement": "T"
            }, {
              "symbol": "C",
              "name": "Cytosine",
              "colour": "0000CC",
              "complement": "G"
            }, {
              "symbol": "G",
              "name": "Guanine",
              "colour": "FFB300",
              "complement": "C"
            }, {
              "symbol": "T",
              "aliases": "U",
              "name": "Thymine",
              "colour": "008000",
              "complement": "A"
            }, {
              "symbol": "N",
              "aliases": "X.",
              "name": "Any base",
              "equals": "ACGT"
            }, {
              "symbol": "V",
              "name": "Not T",
              "equals": "ACG"
            }, {
              "symbol": "H",
              "name": "Not G",
              "equals": "ACT"
            }, {
              "symbol": "D",
              "name": "Not C",
              "equals": "AGT"
            }, {
              "symbol": "B",
              "name": "Not A",
              "equals": "CGT"
            }, {
              "symbol": "M",
              "name": "Amino",
              "equals": "AC"
            }, {
              "symbol": "R",
              "name": "Purine",
              "equals": "AG"
            }, {
              "symbol": "W",
              "name": "Weak",
              "equals": "AT"
            }, {
              "symbol": "S",
              "name": "Strong",
              "equals": "CG"
            }, {
              "symbol": "Y",
              "name": "Pyrimidine",
              "equals": "CT"
            }, {
              "symbol": "K",
              "name": "Keto",
              "equals": "GT"
            }
          ]
        },
        "background": [0.307, 0.193, 0.193, 0.307],
        "query_dbs": [
          {
            "source": "meme_output_upOralEpi/meme.txt",
            "name": "meme.txt",
            "loaded": 8,
            "excluded": 0,
            "last_modified": "Fri Dec 20 16:20:41 2024"
          }
        ],
        "target_dbs": [
          {
            "source": "../../../references/motif_dbs/JASPAR/JASPAR2022_CORE_non-redundant_v2.meme",
            "name": "JASPAR2022_CORE_non-redundant_v2",
            "loaded": 1956,
            "excluded": 0,
            "last_modified": "Wed Jan 10 00:00:00 2024"
          }
        ],
        "queries": [
          {
            "db": 0,
            "id": "ATAGCYGTGTATAGC",
            "alt": "MEME-7",
            "len": 15,
            "nsites": 18,
            "evalue": "2.3e-009",
            "pwm": [
              [0.996171, 0.0010663, 0.0010663, 0.00169613], 
              [0.00169613, 0.0563154, 0.0010663, 0.940922], 
              [0.996171, 0.0010663, 0.0010663, 0.00169613], 
              [0.00169613, 0.0010663, 0.995541, 0.00169613], 
              [0.00169613, 0.995541, 0.0010663, 0.00169613], 
              [0.167442, 0.332558, 0.0010663, 0.498934], 
              [0.00169613, 0.111563, 0.829795, 0.0569452], 
              [0.00169613, 0.0010663, 0.0010663, 0.996171], 
              [0.112193, 0.0010663, 0.829795, 0.0569452], 
              [0.00169613, 0.0010663, 0.0010663, 0.996171], 
              [0.996171, 0.0010663, 0.0010663, 0.00169613], 
              [0.00169613, 0.0010663, 0.0010663, 0.996171], 
              [0.830425, 0.0010663, 0.0563154, 0.112193], 
              [0.0569452, 0.0010663, 0.940292, 0.00169613], 
              [0.00169613, 0.995541, 0.0010663, 0.00169613]
            ]
          }, {
            "db": 0,
            "id": "CCGCCATBTTK",
            "alt": "MEME-6",
            "len": 11,
            "nsites": 382,
            "evalue": "1.9e-007",
            "pwm": [
              [0.047188, 0.827059, 0.0680957, 0.0576573], 
              [0.0341024, 0.882019, 0.0837986, 8.03454e-05], 
              [0.0393371, 5.05104e-05, 0.952681, 0.00793129], 
              [8.03454e-05, 0.999789, 5.05104e-05, 8.03454e-05], 
              [8.03454e-05, 0.999789, 5.05104e-05, 8.03454e-05], 
              [0.999819, 5.05104e-05, 5.05104e-05, 8.03454e-05], 
              [8.03454e-05, 5.05104e-05, 5.05104e-05, 0.999819], 
              [0.138787, 0.303636, 0.204185, 0.353391], 
              [8.03454e-05, 0.0131361, 5.05104e-05, 0.986733], 
              [8.03454e-05, 0.0157534, 5.05104e-05, 0.984116], 
              [0.0445717, 0.0419245, 0.59937, 0.314134]
            ]
          }, {
            "db": 0,
            "id": "CTGGGTGACCTGAGTCAGGCAAAGG",
            "alt": "MEME-4",
            "len": 25,
            "nsites": 5,
            "evalue": "1.4e-010",
            "pwm": [
              [0.0060196, 0.788098, 0.00378432, 0.202098], 
              [0.0060196, 0.00378432, 0.00378432, 0.986412], 
              [0.0060196, 0.199863, 0.788098, 0.0060196], 
              [0.0060196, 0.00378432, 0.984176, 0.0060196], 
              [0.0060196, 0.00378432, 0.788098, 0.202098], 
              [0.0060196, 0.00378432, 0.00378432, 0.986412], 
              [0.0060196, 0.00378432, 0.984176, 0.0060196], 
              [0.986412, 0.00378432, 0.00378432, 0.0060196], 
              [0.0060196, 0.984176, 0.00378432, 0.0060196], 
              [0.0060196, 0.984176, 0.00378432, 0.0060196], 
              [0.0060196, 0.00378432, 0.00378432, 0.986412], 
              [0.0060196, 0.199863, 0.788098, 0.0060196], 
              [0.986412, 0.00378432, 0.00378432, 0.0060196], 
              [0.0060196, 0.00378432, 0.984176, 0.0060196], 
              [0.0060196, 0.00378432, 0.00378432, 0.986412], 
              [0.0060196, 0.984176, 0.00378432, 0.0060196], 
              [0.986412, 0.00378432, 0.00378432, 0.0060196], 
              [0.0060196, 0.199863, 0.788098, 0.0060196], 
              [0.0060196, 0.00378432, 0.984176, 0.0060196], 
              [0.0060196, 0.984176, 0.00378432, 0.0060196], 
              [0.986412, 0.00378432, 0.00378432, 0.0060196], 
              [0.986412, 0.00378432, 0.00378432, 0.0060196], 
              [0.790333, 0.199863, 0.00378432, 0.0060196], 
              [0.0060196, 0.199863, 0.788098, 0.0060196], 
              [0.0060196, 0.00378432, 0.984176, 0.0060196]
            ]
          }, {
            "db": 0,
            "id": "CYCYCCCCCCCCCCCCCCCCC",
            "alt": "MEME-2",
            "len": 21,
            "nsites": 190,
            "evalue": "6.7e-048",
            "pwm": [
              [0.173754, 0.620828, 0.0684865, 0.136932], 
              [0.142192, 0.510359, 0.0474446, 0.300004], 
              [0.000161494, 0.620828, 0.142132, 0.236879], 
              [0.131671, 0.447234, 0.000101526, 0.420993], 
              [0.179014, 0.683953, 0.136872, 0.000161494], 
              [0.163234, 0.836503, 0.000101526, 0.000161494], 
              [0.0317239, 0.710254, 0.0632263, 0.194796], 
              [0.0264637, 0.831243, 0.0264037, 0.11589], 
              [0.0475046, 0.689213, 0.0158822, 0.247399], 
              [0.142192, 0.757598, 0.000101526, 0.100109], 
              [0.0422443, 0.752338, 0.000101526, 0.205317], 
              [0.000161494, 0.78916, 0.000101526, 0.210577], 
              [0.147452, 0.673431, 0.0684865, 0.110629], 
              [0.000161494, 0.804941, 0.0211435, 0.173754], 
              [0.000161494, 0.78916, 0.0421844, 0.168494], 
              [0.126411, 0.873326, 0.000101526, 0.000161494], 
              [0.0527658, 0.673431, 0.000101526, 0.273702], 
              [0.0685465, 0.636609, 0.000101526, 0.294743], 
              [0.131671, 0.799681, 0.00536176, 0.0632863], 
              [0.0843282, 0.741816, 0.010622, 0.163234], 
              [0.000161494, 0.568224, 0.152653, 0.278962]
            ]
          }, {
            "db": 0,
            "id": "GACGAAGGGCTAACGCTCGA",
            "alt": "MEME-5",
            "len": 20,
            "nsites": 27,
            "evalue": "7.7e-008",
            "pwm": [
              [0.00113284, 0.000712178, 0.923221, 0.0749335], 
              [0.997443, 0.000712178, 0.000712178, 0.00113284], 
              [0.00113284, 0.81252, 0.0376125, 0.148734], 
              [0.0749335, 0.000712178, 0.923221, 0.00113284], 
              [0.960542, 0.000712178, 0.000712178, 0.0380332], 
              [0.997443, 0.000712178, 0.000712178, 0.00113284], 
              [0.0749335, 0.000712178, 0.73872, 0.185635], 
              [0.0380332, 0.000712178, 0.960122, 0.00113284], 
              [0.111834, 0.0376125, 0.849421, 0.00113284], 
              [0.00113284, 0.997022, 0.000712178, 0.00113284], 
              [0.00113284, 0.259015, 0.000712178, 0.73914], 
              [0.997443, 0.000712178, 0.000712178, 0.00113284], 
              [0.66534, 0.0745128, 0.259015, 0.00113284], 
              [0.0749335, 0.664919, 0.0376125, 0.222535], 
              [0.00113284, 0.0745128, 0.923221, 0.00113284], 
              [0.00113284, 0.997022, 0.000712178, 0.00113284], 
              [0.185635, 0.000712178, 0.0376125, 0.776041], 
              [0.00113284, 0.923221, 0.000712178, 0.0749335], 
              [0.0749335, 0.000712178, 0.923221, 0.00113284], 
              [0.960542, 0.0376125, 0.000712178, 0.00113284]
            ]
          }, {
            "db": 0,
            "id": "TGTGTATAGCCCTGTATAGCYGTGT",
            "alt": "MEME-1",
            "len": 25,
            "nsites": 21,
            "evalue": "8.8e-069",
            "pwm": [
              [0.00145498, 0.143095, 0.000914693, 0.854536], 
              [0.00145498, 0.048308, 0.901389, 0.0488483], 
              [0.00145498, 0.000914693, 0.000914693, 0.996716], 
              [0.00145498, 0.0957013, 0.901389, 0.00145498], 
              [0.00145498, 0.048308, 0.000914693, 0.949322], 
              [0.807142, 0.143095, 0.048308, 0.00145498], 
              [0.00145498, 0.048308, 0.000914693, 0.949322], 
              [0.996716, 0.000914693, 0.000914693, 0.00145498], 
              [0.00145498, 0.048308, 0.948782, 0.00145498], 
              [0.0488483, 0.901389, 0.000914693, 0.0488483], 
              [0.00145498, 0.901389, 0.000914693, 0.0962416], 
              [0.00145498, 0.664422, 0.285275, 0.0488483], 
              [0.00145498, 0.000914693, 0.000914693, 0.996716], 
              [0.00145498, 0.0957013, 0.901389, 0.00145498], 
              [0.00145498, 0.048308, 0.000914693, 0.949322], 
              [0.901929, 0.048308, 0.048308, 0.00145498], 
              [0.00145498, 0.143095, 0.000914693, 0.854536], 
              [0.949322, 0.048308, 0.000914693, 0.00145498], 
              [0.00145498, 0.048308, 0.948782, 0.00145498], 
              [0.00145498, 0.996175, 0.000914693, 0.00145498], 
              [0.00145498, 0.474848, 0.000914693, 0.522782], 
              [0.00145498, 0.143095, 0.806602, 0.0488483], 
              [0.00145498, 0.000914693, 0.000914693, 0.996716], 
              [0.00145498, 0.048308, 0.948782, 0.00145498], 
              [0.0488483, 0.000914693, 0.000914693, 0.949322]
            ]
          }, {
            "db": 0,
            "id": "TTYYTTTBTTTTTTTTTTTTT",
            "alt": "MEME-3",
            "len": 21,
            "nsites": 502,
            "evalue": "1.7e-033",
            "pwm": [
              [0.161384, 0.11157, 0.105595, 0.621451], 
              [0.0637934, 3.84386e-05, 0.0816952, 0.854473], 
              [0.0199772, 0.294801, 0.133478, 0.551744], 
              [0.0379026, 0.288826, 0.0996206, 0.573652], 
              [0.0478606, 0.0757204, 0.19721, 0.679209], 
              [0.0319278, 0.250984, 0.0797036, 0.637384], 
              [0.0677767, 3.84386e-05, 0.0358883, 0.896297], 
              [0.0179856, 0.280858, 0.368491, 0.332664], 
              [0.207191, 0.0139797, 3.84386e-05, 0.77879], 
              [0.0757431, 0.077712, 0.0498295, 0.796715], 
              [0.0179856, 0.0577959, 3.84386e-05, 0.92418], 
              [6.11432e-05, 0.181277, 0.147419, 0.671242], 
              [0.117568, 0.0936448, 0.157378, 0.631409], 
              [0.0777347, 0.121528, 0.185261, 0.615477], 
              [0.0100192, 0.0617791, 3.84386e-05, 0.928163], 
              [0.0100192, 0.0239377, 0.0378799, 0.928163], 
              [0.0120108, 0.157378, 3.84386e-05, 0.830573], 
              [6.11432e-05, 0.258951, 0.135469, 0.605519], 
              [6.11432e-05, 0.250984, 0.0637707, 0.685184], 
              [0.045869, 0.0259293, 0.077712, 0.85049], 
              [0.0199772, 0.121528, 3.84386e-05, 0.858456]
            ]
          }, {
            "db": 0,
            "id": "YGTAAAWTGGCCACCGTAAAGAGTT",
            "alt": "MEME-8",
            "len": 25,
            "nsites": 21,
            "evalue": "3.7e-007",
            "pwm": [
              [0.00145498, 0.522242, 0.0957013, 0.380602], 
              [0.00145498, 0.000914693, 0.806602, 0.191028], 
              [0.0962416, 0.0957013, 0.000914693, 0.807142], 
              [0.901929, 0.048308, 0.048308, 0.00145498], 
              [0.807142, 0.0957013, 0.0957013, 0.00145498], 
              [0.854536, 0.143095, 0.000914693, 0.00145498], 
              [0.285815, 0.0957013, 0.0957013, 0.522782], 
              [0.0488483, 0.000914693, 0.000914693, 0.949322], 
              [0.00145498, 0.000914693, 0.996175, 0.00145498], 
              [0.00145498, 0.000914693, 0.996175, 0.00145498], 
              [0.00145498, 0.853995, 0.000914693, 0.143635], 
              [0.0488483, 0.948782, 0.000914693, 0.00145498], 
              [0.901929, 0.000914693, 0.000914693, 0.0962416], 
              [0.00145498, 0.806602, 0.190488, 0.00145498], 
              [0.00145498, 0.711815, 0.143095, 0.143635], 
              [0.191028, 0.000914693, 0.617029, 0.191028], 
              [0.00145498, 0.143095, 0.048308, 0.807142], 
              [0.664962, 0.143095, 0.0957013, 0.0962416], 
              [0.901929, 0.000914693, 0.0957013, 0.00145498], 
              [0.996716, 0.000914693, 0.000914693, 0.00145498], 
              [0.0962416, 0.000914693, 0.901389, 0.00145498], 
              [0.759749, 0.143095, 0.0957013, 0.00145498], 
              [0.00145498, 0.048308, 0.806602, 0.143635], 
              [0.00145498, 0.000914693, 0.000914693, 0.996716], 
              [0.0962416, 0.000914693, 0.000914693, 0.901929]
            ]
          }
        ],
        "targets": [
          {
            "db": 0,
            "id": "MA0039.4",
            "alt": "KLF4",
            "len": 12,
            "nsites": 55817,
            "url": "http://jaspar2022.genereg.net/matrix/MA0039.4",
            "pwm": [
              [0.2252, 0.313883, 0.255173, 0.205744], 
              [0.205798, 0.2515, 0.330957, 0.211746], 
              [0.0441625, 0.881612, 0.0283613, 0.0458645], 
              [0.0377135, 0.857533, 0.0217503, 0.0830034], 
              [0.125786, 0.813461, 0.0254763, 0.0352765], 
              [0.0210155, 0.947291, 0.0142073, 0.0174865], 
              [0.81699, 0.00288434, 0.118208, 0.0619174], 
              [0.0152645, 0.938172, 0.0263363, 0.0202275], 
              [0.0289705, 0.915706, 0.0335023, 0.0218215], 
              [0.0215355, 0.914505, 0.0180053, 0.0459545], 
              [0.291381, 0.326943, 0.112726, 0.26895], 
              [0.178422, 0.344286, 0.25838, 0.218912]
            ]
          }, {
            "db": 0,
            "id": "MA0073.1",
            "alt": "RREB1",
            "len": 20,
            "nsites": 11,
            "url": "http://jaspar2022.genereg.net/matrix/MA0073.1",
            "pwm": [
              [0.273036, 0.72246, 0.00173874, 0.00276576], 
              [0.0928558, 0.90264, 0.00173874, 0.00276576], 
              [0.273036, 0.72246, 0.00173874, 0.00276576], 
              [0.00276576, 0.99273, 0.00173874, 0.00276576], 
              [0.633397, 0.362099, 0.00173874, 0.00276576], 
              [0.813577, 0.181919, 0.00173874, 0.00276576], 
              [0.723487, 0.272009, 0.00173874, 0.00276576], 
              [0.363126, 0.54228, 0.00173874, 0.0928558], 
              [0.00276576, 0.99273, 0.00173874, 0.00276576], 
              [0.993757, 0.00173874, 0.00173874, 0.00276576], 
              [0.363126, 0.63237, 0.00173874, 0.00276576], 
              [0.0928558, 0.90264, 0.00173874, 0.00276576], 
              [0.273036, 0.72246, 0.00173874, 0.00276576], 
              [0.363126, 0.54228, 0.0918287, 0.00276576], 
              [0.182946, 0.81255, 0.00173874, 0.00276576], 
              [0.363126, 0.452189, 0.00173874, 0.182946], 
              [0.363126, 0.452189, 0.0918287, 0.0928558], 
              [0.363126, 0.54228, 0.00173874, 0.0928558], 
              [0.0928558, 0.63237, 0.272009, 0.00276576], 
              [0.363126, 0.362099, 0.181919, 0.0928558]
            ]
          }, {
            "db": 0,
            "id": "MA0079.5",
            "alt": "SP1",
            "len": 9,
            "nsites": 1000,
            "url": "http://jaspar2022.genereg.net/matrix/MA0079.5",
            "pwm": [
              [0.00108559, 0.00107419, 0.950346, 0.047494], 
              [0.00108559, 0.00107419, 0.996755, 0.00108559], 
              [0.00108559, 0.00107419, 0.996755, 0.00108559], 
              [0.00108559, 0.00107419, 0.996755, 0.00108559], 
              [0.266882, 0.730958, 0.00107419, 0.00108559], 
              [0.00108559, 0.00107419, 0.996755, 0.00108559], 
              [0.00108559, 0.0854538, 0.912375, 0.00108559], 
              [0.254224, 0.0517021, 0.659236, 0.0348372], 
              [0.161407, 0.00107419, 0.836434, 0.00108559]
            ]
          }, {
            "db": 0,
            "id": "MA0095.3",
            "alt": "Yy1",
            "len": 12,
            "nsites": 43348,
            "url": "http://jaspar2022.genereg.net/matrix/MA0095.3",
            "pwm": [
              [0.320361, 0.192604, 0.206076, 0.280959], 
              [0.295215, 0.266702, 0.198164, 0.239919], 
              [0.0720455, 0.764094, 0.0849872, 0.0788735], 
              [0.958035, 0.0213624, 0.00662143, 0.0139807], 
              [0.915059, 0.0333814, 0.0304514, 0.0211087], 
              [0.709813, 0.0585033, 0.199732, 0.0319516], 
              [0.957505, 0.0172104, 0.0164254, 0.00885969], 
              [0.0158957, 0.00556043, 0.0163334, 0.962211], 
              [0.0129427, 0.00380644, 0.974968, 0.00828269], 
              [0.0368416, 0.0224004, 0.913812, 0.0269456], 
              [0.239688, 0.501752, 0.112047, 0.146512], 
              [0.226539, 0.169673, 0.319969, 0.283819]
            ]
          }, {
            "db": 0,
            "id": "MA0277.1",
            "alt": "AZF1",
            "len": 9,
            "nsites": 102,
            "url": "http://jaspar2022.genereg.net/matrix/MA0277.1",
            "pwm": [
              [0.617343, 0.127515, 0.127515, 0.127627], 
              [0.999321, 0.000189031, 0.000189031, 0.000300685], 
              [0.999321, 0.000189031, 0.000189031, 0.000300685], 
              [0.870734, 0.128776, 0.000189031, 0.000300685], 
              [0.749566, 0.000189031, 0.249944, 0.000300685], 
              [0.000300685, 0.000189031, 0.99921, 0.000300685], 
              [0.779537, 0.160032, 0.0301596, 0.0302713], 
              [0.817681, 0.0607357, 0.0607357, 0.0608473], 
              [0.617343, 0.127515, 0.127515, 0.127627]
            ]
          }, {
            "db": 0,
            "id": "MA0471.2",
            "alt": "E2F6",
            "len": 13,
            "nsites": 33098,
            "url": "http://jaspar2022.genereg.net/matrix/MA0471.2",
            "pwm": [
              [0.220436, 0.243972, 0.373375, 0.162215], 
              [0.253157, 0.22373, 0.351955, 0.171158], 
              [0.288144, 0.154148, 0.349326, 0.208381], 
              [0.0637507, 0.0346855, 0.887876, 0.0136879], 
              [0.0080379, 0.0252895, 0.960479, 0.00619491], 
              [0.116504, 0.798354, 0.0209385, 0.0642037], 
              [0.0354408, 0.0162855, 0.923709, 0.0245639], 
              [0.0102129, 0.0131135, 0.966008, 0.0106659], 
              [0.0106969, 0.0251985, 0.955161, 0.0089439], 
              [0.886366, 0.0353805, 0.0701554, 0.0080979], 
              [0.777236, 0.0481904, 0.151701, 0.0228719], 
              [0.271769, 0.223881, 0.378572, 0.125779], 
              [0.230105, 0.256118, 0.344583, 0.169195]
            ]
          }, {
            "db": 0,
            "id": "MA0516.3",
            "alt": "SP2",
            "len": 9,
            "nsites": 1000,
            "url": "http://jaspar2022.genereg.net/matrix/MA0516.3",
            "pwm": [
              [0.153241, 0.000752225, 0.766072, 0.0799347], 
              [0.167903, 0.000752225, 0.830581, 0.000763624], 
              [0.000763624, 0.000752225, 0.997721, 0.000763624], 
              [0.000763624, 0.000752225, 0.997721, 0.000763624], 
              [0.112189, 0.886295, 0.000752225, 0.000763624], 
              [0.000763624, 0.000752225, 0.997721, 0.000763624], 
              [0.000763624, 0.000752225, 0.974262, 0.0242223], 
              [0.120987, 0.000752225, 0.877498, 0.000763624], 
              [0.206022, 0.164959, 0.610662, 0.0183569]
            ]
          }, {
            "db": 0,
            "id": "MA0528.2",
            "alt": "ZNF263",
            "len": 12,
            "nsites": 56343,
            "url": "http://jaspar2022.genereg.net/matrix/MA0528.2",
            "pwm": [
              [0.235823, 0.23144, 0.359991, 0.172746], 
              [0.195517, 0.264611, 0.317395, 0.222477], 
              [0.230747, 0.109739, 0.513142, 0.146371], 
              [0.0285755, 0.0294453, 0.919439, 0.0225415], 
              [0.0140045, 0.0274043, 0.937436, 0.0211565], 
              [0.0168615, 0.0172513, 0.948387, 0.0175005], 
              [0.95664, 0.0294623, 0.00289334, 0.0110045], 
              [0.0147315, 0.0171453, 0.938447, 0.0296755], 
              [0.0123355, 0.0388693, 0.936069, 0.0127265], 
              [0.931774, 0.0312023, 0.0257003, 0.0113245], 
              [0.169302, 0.273557, 0.440605, 0.116536], 
              [0.149726, 0.207461, 0.445752, 0.197061]
            ]
          }, {
            "db": 0,
            "id": "MA0558.1",
            "alt": "FLC",
            "len": 21,
            "nsites": 275,
            "url": "http://jaspar2022.genereg.net/matrix/MA0558.1",
            "pwm": [
              [0.439952, 0.160012, 0.163647, 0.23639], 
              [0.327266, 0.221808, 0.229078, 0.221849], 
              [0.345441, 0.134566, 0.0764064, 0.443586], 
              [0.298185, 0.0945808, 0.130932, 0.476302], 
              [0.283644, 0.0909461, 0.239983, 0.385426], 
              [0.196404, 0.701633, 0.0436903, 0.0582724], 
              [0.0328267, 0.672553, 0.0146099, 0.28001], 
              [0.490842, 0.254523, 0.134566, 0.120068], 
              [0.71985, 0.0364209, 0.138202, 0.105528], 
              [0.948858, 7.01564e-05, 0.0109752, 0.0400971], 
              [0.847077, 0.0109752, 0.0109752, 0.130973], 
              [0.701674, 0.0109752, 0.0655014, 0.221849], 
              [0.283644, 0.0400556, 0.0545953, 0.621704], 
              [0.512652, 7.01564e-05, 0.487166, 0.000111596], 
              [0.000111596, 7.01564e-05, 0.999707, 0.000111596], 
              [0.788916, 0.0764064, 0.0218802, 0.112798], 
              [0.974302, 0.0109752, 0.0146099, 0.000111596], 
              [0.934317, 0.00370483, 0.0545953, 0.00738195], 
              [0.225485, 0.156377, 0.538057, 0.0800825], 
              [0.396332, 0.170917, 0.0618657, 0.370886], 
              [0.37452, 0.181822, 0.105487, 0.338171]
            ]
          }, {
            "db": 0,
            "id": "MA0576.1",
            "alt": "RAX3",
            "len": 13,
            "nsites": 100,
            "url": "http://jaspar2022.genereg.net/matrix/MA0576.1",
            "pwm": [
              [0.220087, 0.180013, 0.419773, 0.180127], 
              [0.000306693, 0.140053, 0.859334, 0.000306693], 
              [0.180127, 0.0401528, 0.779414, 0.000306693], 
              [0.140167, 0.0901029, 0.549643, 0.220087], 
              [0.000306693, 0.000192808, 0.999194, 0.000306693], 
              [0.000306693, 0.000192808, 0.999194, 0.000306693], 
              [0.000306693, 0.000192808, 0.000192808, 0.999308], 
              [0.779527, 0.0401528, 0.0401528, 0.140167], 
              [0.000306693, 0.000192808, 0.999194, 0.000306693], 
              [0.000306693, 0.000192808, 0.999194, 0.000306693], 
              [0.000306693, 0.000192808, 0.000192808, 0.999308], 
              [0.000306693, 0.000192808, 0.959234, 0.0402667], 
              [0.0402667, 0.319873, 0.599593, 0.0402667]
            ]
          }, {
            "db": 0,
            "id": "MA0679.2",
            "alt": "ONECUT1",
            "len": 16,
            "nsites": 62219,
            "url": "http://jaspar2022.genereg.net/matrix/MA0679.2",
            "pwm": [
              [0.426204, 0.160932, 0.189878, 0.222987], 
              [0.459795, 0.132387, 0.198782, 0.209036], 
              [0.483132, 0.136261, 0.155194, 0.225413], 
              [0.609557, 0.121426, 0.0988282, 0.170189], 
              [0.838103, 0.0162493, 0.125267, 0.0203805], 
              [0.964576, 0.0057543, 0.0187403, 0.0109295], 
              [0.00774748, 0.0047253, 0.0038733, 0.983654], 
              [0.0216175, 0.967244, 0.0044683, 0.00667048], 
              [0.957825, 0.0070403, 0.0197053, 0.0154295], 
              [0.978318, 0.0039703, 0.0058823, 0.0118295], 
              [0.00361649, 0.0057223, 0.00260431, 0.988057], 
              [0.779889, 0.0554652, 0.0975912, 0.0670534], 
              [0.498867, 0.163712, 0.123114, 0.214308], 
              [0.403478, 0.167168, 0.128707, 0.300648], 
              [0.301258, 0.166975, 0.162796, 0.368971], 
              [0.320352, 0.190408, 0.180106, 0.309134]
            ]
          }, {
            "db": 0,
            "id": "MA0685.2",
            "alt": "SP4",
            "len": 9,
            "nsites": 999,
            "url": "http://jaspar2022.genereg.net/matrix/MA0685.2",
            "pwm": [
              [0.149054, 0.000706249, 0.654487, 0.195753], 
              [0.000717659, 0.000706249, 0.997859, 0.000717659], 
              [0.000717659, 0.000706249, 0.997859, 0.000717659], 
              [0.000717659, 0.000706249, 0.997859, 0.000717659], 
              [0.275415, 0.723161, 0.000706249, 0.000717659], 
              [0.000717659, 0.000706249, 0.997859, 0.000717659], 
              [0.000717659, 0.000706249, 0.920943, 0.077633], 
              [0.28915, 0.000706249, 0.659981, 0.0501627], 
              [0.000717659, 0.000706249, 0.997859, 0.000717659]
            ]
          }, {
            "db": 0,
            "id": "MA0740.2",
            "alt": "KLF14",
            "len": 9,
            "nsites": 999,
            "url": "http://jaspar2022.genereg.net/matrix/MA0740.2",
            "pwm": [
              [0.0311856, 0.000655254, 0.619482, 0.348677], 
              [0.000666664, 0.000655254, 0.998011, 0.000666664], 
              [0.000666664, 0.000655254, 0.998011, 0.000666664], 
              [0.000666664, 0.000655254, 0.998011, 0.000666664], 
              [0.0949262, 0.81433, 0.000655254, 0.0900887], 
              [0.000666664, 0.000655254, 0.998011, 0.000666664], 
              [0.000666664, 0.000655254, 0.717845, 0.280833], 
              [0.107725, 0.000655254, 0.890953, 0.000666664], 
              [0.198625, 0.0621011, 0.738607, 0.000666664]
            ]
          }, {
            "db": 0,
            "id": "MA0742.2",
            "alt": "KLF12",
            "len": 9,
            "nsites": 999,
            "url": "http://jaspar2022.genereg.net/matrix/MA0742.2",
            "pwm": [
              [0.101969, 0.000668252, 0.709688, 0.187674], 
              [0.0863861, 0.000668252, 0.912266, 0.000679663], 
              [0.000679663, 0.000668252, 0.997971, 0.000679663], 
              [0.000679663, 0.000668252, 0.997971, 0.000679663], 
              [0.047429, 0.951223, 0.000668252, 0.000679663], 
              [0.000679663, 0.000668252, 0.997971, 0.000679663], 
              [0.00587414, 0.0785825, 0.725272, 0.190272], 
              [0.0682059, 0.000668252, 0.930445, 0.000679663], 
              [0.000679663, 0.000668252, 0.969403, 0.0292488]
            ]
          }, {
            "db": 0,
            "id": "MA0753.2",
            "alt": "ZNF740",
            "len": 13,
            "nsites": 1055,
            "url": "http://jaspar2022.genereg.net/matrix/MA0753.2",
            "pwm": [
              [0.176315, 0.475802, 0.172514, 0.175367], 
              [0.125696, 0.525182, 0.05587, 0.293252], 
              [0.298319, 0.140752, 0.432886, 0.128043], 
              [0.0499824, 0.87837, 0.0308234, 0.0408242], 
              [0.0932403, 0.894002, 0.0118812, 0.000876016], 
              [0.0164955, 0.96516, 0.00367795, 0.0146667], 
              [0.0200452, 0.959891, 0.00638669, 0.0136768], 
              [0.0210891, 0.966044, 0.00276503, 0.0101011], 
              [0.00930422, 0.97859, 0.00651168, 0.00559457], 
              [0.00190992, 0.992398, 0.00284002, 0.00285083], 
              [0.0974779, 0.894002, 0.00510281, 0.00341878], 
              [0.705176, 0.159762, 0.045469, 0.0895926], 
              [0.132539, 0.67537, 0.034586, 0.157504]
            ]
          }, {
            "db": 0,
            "id": "MA1107.2",
            "alt": "KLF9",
            "len": 16,
            "nsites": 25579,
            "url": "http://jaspar2022.genereg.net/matrix/MA1107.2",
            "pwm": [
              [0.209508, 0.407052, 0.203292, 0.180148], 
              [0.313343, 0.199695, 0.304117, 0.182845], 
              [0.11189, 0.169749, 0.65882, 0.059542], 
              [0.182337, 0.697406, 0.0648975, 0.055359], 
              [0.0112212, 0.965985, 0.0113777, 0.0114172], 
              [0.85613, 0.100043, 0.0276796, 0.0161471], 
              [0.00864117, 0.972005, 0.0138007, 0.00555218], 
              [0.750106, 0.0418316, 0.16967, 0.0383921], 
              [0.00875817, 0.952536, 0.0287356, 0.00997016], 
              [0.0949228, 0.864652, 0.0236527, 0.0167731], 
              [0.00570918, 0.964929, 0.00801472, 0.0213471], 
              [0.736422, 0.169631, 0.0333096, 0.060637], 
              [0.0309641, 0.807066, 0.0695105, 0.0924598], 
              [0.271629, 0.343914, 0.128582, 0.255874], 
              [0.16068, 0.411274, 0.172915, 0.255131], 
              [0.229681, 0.37214, 0.222096, 0.176083]
            ]
          }, {
            "db": 0,
            "id": "MA1125.1",
            "alt": "ZNF384",
            "len": 12,
            "nsites": 30433,
            "url": "http://jaspar2022.genereg.net/matrix/MA1125.1",
            "pwm": [
              [0.310847, 0.162488, 0.185654, 0.341011], 
              [0.299543, 0.230835, 0.168666, 0.300956], 
              [0.312884, 0.113561, 0.153715, 0.41984], 
              [0.431275, 0.252719, 0.155128, 0.160878], 
              [0.997402, 0.000230633, 0.000427633, 0.00194], 
              [0.992046, 0.00115063, 0.000624632, 0.00617899], 
              [0.988136, 0.000690632, 0.000854631, 0.010319], 
              [0.994051, 0.000427633, 0.000493633, 0.00502799], 
              [0.992408, 0.000854631, 0.000460633, 0.00627699], 
              [0.999111, 0.000197634, 6.34179e-07, 0.000691007], 
              [0.667761, 0.0955543, 0.0909213, 0.145764], 
              [0.621561, 0.13022, 0.0952263, 0.152993]
            ]
          }, {
            "db": 0,
            "id": "MA1156.1",
            "alt": "JKD",
            "len": 20,
            "nsites": 596,
            "url": "http://jaspar2022.genereg.net/matrix/MA1156.1",
            "pwm": [
              [0.273496, 0.18121, 0.11243, 0.432865], 
              [0.27014, 0.166112, 0.120817, 0.44293], 
              [0.271818, 0.169467, 0.13256, 0.426154], 
              [0.295304, 0.10572, 0.12585, 0.473126], 
              [0.2433, 0.117463, 0.124173, 0.515066], 
              [0.13929, 0.0503599, 0.0520367, 0.758313], 
              [0.0101168, 0.0402936, 0.0218407, 0.927748], 
              [5.15014e-05, 0.00841997, 0.00674225, 0.984785], 
              [5.15014e-05, 0.0168086, 3.23772e-05, 0.983108], 
              [5.15014e-05, 3.23772e-05, 0.999865, 5.15014e-05], 
              [5.15014e-05, 3.23772e-05, 0.0218407, 0.978075], 
              [0.0185044, 0.946183, 3.23772e-05, 0.0352806], 
              [0.0520558, 0.104042, 0.555308, 0.288594], 
              [0.01515, 0.0335837, 0.0704906, 0.880776], 
              [0.0956735, 0.166112, 0.0570698, 0.681145], 
              [0.146, 3.23772e-05, 3.23772e-05, 0.853935], 
              [0.224846, 0.0453268, 0.0134531, 0.716374], 
              [0.11916, 0.382518, 0.323804, 0.174519], 
              [0.0788973, 0.226504, 0.0654574, 0.629141], 
              [0.239944, 0.0922989, 0.350645, 0.317112]
            ]
          }, {
            "db": 0,
            "id": "MA1157.1",
            "alt": "NUC",
            "len": 20,
            "nsites": 570,
            "url": "http://jaspar2022.genereg.net/matrix/MA1157.1",
            "pwm": [
              [0.243871, 0.180704, 0.152639, 0.422787], 
              [0.247378, 0.182458, 0.157901, 0.412263], 
              [0.264919, 0.191228, 0.145622, 0.39823], 
              [0.298248, 0.135098, 0.147376, 0.419278], 
              [0.222822, 0.133343, 0.149131, 0.494704], 
              [0.122839, 0.0824754, 0.0737049, 0.72098], 
              [0.0140864, 0.0579187, 0.033361, 0.894634], 
              [5.38501e-05, 0.00880432, 0.0140664, 0.977075], 
              [5.38501e-05, 0.0140664, 3.38538e-05, 0.985846], 
              [5.38501e-05, 3.38538e-05, 0.999858, 5.38501e-05], 
              [5.38501e-05, 3.38538e-05, 0.00880432, 0.991108], 
              [5.38501e-05, 0.999858, 3.38538e-05, 5.38501e-05], 
              [0.0316273, 0.0894922, 0.668338, 0.210543], 
              [0.00531593, 0.033361, 0.0579187, 0.903404], 
              [0.11056, 0.156146, 0.0807217, 0.652571], 
              [0.129856, 3.38538e-05, 0.00529593, 0.864814], 
              [0.259657, 0.0719512, 0.0263452, 0.642046], 
              [0.0982826, 0.321031, 0.354358, 0.22633], 
              [0.0421515, 0.259637, 0.0965079, 0.601702], 
              [0.229839, 0.0947542, 0.39821, 0.277198]
            ]
          }, {
            "db": 0,
            "id": "MA1158.1",
            "alt": "MGP",
            "len": 20,
            "nsites": 594,
            "url": "http://jaspar2022.genereg.net/matrix/MA1158.1",
            "pwm": [
              [0.314814, 0.341726, 0.0841933, 0.259267], 
              [0.61106, 0.0841933, 0.234, 0.0707468], 
              [0.240752, 0.308062, 0.311428, 0.139759], 
              [0.676706, 0.0252812, 0.0841933, 0.213821], 
              [0.86186, 3.24862e-05, 0.00339892, 0.134709], 
              [0.708686, 0.0437961, 0.122908, 0.12461], 
              [0.929188, 0.0353805, 0.0336968, 0.00173539], 
              [0.257584, 0.637972, 0.0875598, 0.0168838], 
              [5.16747e-05, 3.24862e-05, 0.999864, 5.16747e-05], 
              [0.9982, 3.24862e-05, 0.0017162, 5.16747e-05], 
              [5.16747e-05, 0.999864, 3.24862e-05, 5.16747e-05], 
              [0.972952, 3.24862e-05, 0.026964, 5.16747e-05], 
              [0.9881, 0.00508264, 0.00676535, 5.16747e-05], 
              [0.952753, 0.0151819, 0.026964, 0.00510182], 
              [0.81473, 0.0471626, 0.0320141, 0.106095], 
              [0.536998, 0.13469, 0.0942926, 0.234019], 
              [0.479769, 0.129641, 0.114491, 0.276099], 
              [0.452837, 0.121224, 0.188553, 0.237386], 
              [0.432639, 0.13469, 0.158255, 0.274416], 
              [0.442738, 0.114491, 0.175087, 0.267684]
            ]
          }, {
            "db": 0,
            "id": "MA1159.1",
            "alt": "SGR5",
            "len": 15,
            "nsites": 600,
            "url": "http://jaspar2022.genereg.net/matrix/MA1159.1",
            "pwm": [
              [0.488303, 0.209997, 0.0666881, 0.235012], 
              [0.571623, 0.0950163, 0.266655, 0.066707], 
              [0.566624, 0.0800188, 0.193333, 0.160024], 
              [0.721598, 3.21614e-05, 0.0733529, 0.205017], 
              [0.516632, 0.0266947, 0.0450247, 0.41165], 
              [0.809916, 0.0366931, 0.15334, 5.11581e-05], 
              [0.88657, 0.00669805, 0.0366931, 0.0700395], 
              [0.055042, 3.21614e-05, 0.943208, 0.00171788], 
              [0.984887, 0.0100305, 3.21614e-05, 0.00505032], 
              [5.11581e-05, 0.998199, 0.00169888, 5.11581e-05], 
              [0.986554, 0.00169888, 0.0116972, 5.11581e-05], 
              [0.996552, 0.00169888, 3.21614e-05, 0.00171788], 
              [0.933229, 0.0166964, 0.0183621, 0.0317129], 
              [0.713265, 0.0566897, 0.0350263, 0.195019], 
              [0.474972, 0.138342, 0.0716872, 0.314999]
            ]
          }, {
            "db": 0,
            "id": "MA1160.1",
            "alt": "IDD6",
            "len": 20,
            "nsites": 242,
            "url": "http://jaspar2022.genereg.net/matrix/MA1160.1",
            "pwm": [
              [0.252089, 0.148778, 0.132256, 0.466876], 
              [0.252089, 0.132256, 0.140518, 0.475138], 
              [0.247958, 0.177692, 0.132256, 0.442093], 
              [0.297525, 0.111604, 0.115734, 0.475138], 
              [0.239697, 0.0950815, 0.115734, 0.549487], 
              [0.10339, 0.0620371, 0.0455159, 0.789057], 
              [0.000126807, 0.0248625, 0.0207322, 0.954278], 
              [0.000126807, 0.00834031, 7.97193e-05, 0.991453], 
              [0.000126807, 0.0248625, 0.00421001, 0.9708], 
              [0.000126807, 0.00421001, 0.991406, 0.0042571], 
              [0.000126807, 0.00834031, 0.0620371, 0.929495], 
              [0.00838739, 0.979014, 7.97193e-05, 0.0125187], 
              [0.0538236, 0.0868209, 0.636181, 0.223175], 
              [0.00838739, 0.0372544, 0.0579068, 0.89645], 
              [0.0290409, 0.132256, 0.0537765, 0.784927], 
              [0.144695, 7.97193e-05, 0.0248625, 0.830363], 
              [0.268611, 0.0207322, 0.00421001, 0.706447], 
              [0.086868, 0.367697, 0.446176, 0.0992598], 
              [0.016649, 0.272694, 0.0166019, 0.694055], 
              [0.157087, 0.0620371, 0.483351, 0.297525]
            ]
          }, {
            "db": 0,
            "id": "MA1267.1",
            "alt": "DOF5.8",
            "len": 29,
            "nsites": 597,
            "url": "http://jaspar2022.genereg.net/matrix/MA1267.1",
            "pwm": [
              [0.25294, 0.194305, 0.120615, 0.43214], 
              [0.231169, 0.229475, 0.103868, 0.435489], 
              [0.22112, 0.159135, 0.155785, 0.463961], 
              [0.152455, 0.221101, 0.0820956, 0.544349], 
              [0.175901, 0.237848, 0.0703725, 0.515878], 
              [0.140732, 0.174207, 0.0686978, 0.616363], 
              [0.170877, 0.190955, 0.0552991, 0.582869], 
              [0.244566, 0.199329, 0.0619989, 0.494106], 
              [0.22447, 0.249572, 0.103868, 0.422092], 
              [0.17925, 0.308189, 0.0536243, 0.458936], 
