<!DOCTYPE HTML>
<html>
  <head>
    <meta charset="UTF-8">
    <title>Tomtom Results</title>
    <script>
      // @JSON_VAR data
      var data = {
        "program": "Tomtom",
        "version": "5.5.7",
        "release": "Wed Jun 19 13:59:04 2024 -0700",
        "cmd": [
          "tomtom", "-no-ssc", "-oc", "tomtom_output_upAboral",
          "-min-overlap", "5", "-dist", "pearson", "-evalue", "-thresh",
          "10.0", "meme_output_upAboral/meme.txt",
          "../../../references/motif_dbs/JASPAR/JASPAR2022_CORE_non-redundant_v2.meme"
        ],
        "options": {
          "strands": "both",
          "distance_measure": "pearson",
          "threshold_type": "evalue",
          "threshold_value": 10,
          "background_source": "--query--"
        },
        "alphabet": {
          "name": "DNA",
          "like": "dna",
          "ncore": 4,
          "symbols": [
            {
              "symbol": "A",
              "name": "Adenine",
              "colour": "CC0000",
              "complement": "T"
            }, {
              "symbol": "C",
              "name": "Cytosine",
              "colour": "0000CC",
              "complement": "G"
            }, {
              "symbol": "G",
              "name": "Guanine",
              "colour": "FFB300",
              "complement": "C"
            }, {
              "symbol": "T",
              "aliases": "U",
              "name": "Thymine",
              "colour": "008000",
              "complement": "A"
            }, {
              "symbol": "N",
              "aliases": "X.",
              "name": "Any base",
              "equals": "ACGT"
            }, {
              "symbol": "V",
              "name": "Not T",
              "equals": "ACG"
            }, {
              "symbol": "H",
              "name": "Not G",
              "equals": "ACT"
            }, {
              "symbol": "D",
              "name": "Not C",
              "equals": "AGT"
            }, {
              "symbol": "B",
              "name": "Not A",
              "equals": "CGT"
            }, {
              "symbol": "M",
              "name": "Amino",
              "equals": "AC"
            }, {
              "symbol": "R",
              "name": "Purine",
              "equals": "AG"
            }, {
              "symbol": "W",
              "name": "Weak",
              "equals": "AT"
            }, {
              "symbol": "S",
              "name": "Strong",
              "equals": "CG"
            }, {
              "symbol": "Y",
              "name": "Pyrimidine",
              "equals": "CT"
            }, {
              "symbol": "K",
              "name": "Keto",
              "equals": "GT"
            }
          ]
        },
        "background": [0.306, 0.194, 0.194, 0.306],
        "query_dbs": [
          {
            "source": "meme_output_upAboral/meme.txt",
            "name": "meme.txt",
            "loaded": 4,
            "excluded": 0,
            "last_modified": "Fri Dec 20 16:07:18 2024"
          }
        ],
        "target_dbs": [
          {
            "source": "../../../references/motif_dbs/JASPAR/JASPAR2022_CORE_non-redundant_v2.meme",
            "name": "JASPAR2022_CORE_non-redundant_v2",
            "loaded": 1956,
            "excluded": 0,
            "last_modified": "Wed Jan 10 00:00:00 2024"
          }
        ],
        "queries": [
          {
            "db": 0,
            "id": "GCCGTGTCMTGGCAGGRTCKCCACY",
            "alt": "MEME-4",
            "len": 25,
            "nsites": 6,
            "evalue": "2.0e-003",
            "pwm": [
              [0.00501639, 0.167115, 0.822852, 0.00501639], 
              [0.00501639, 0.822852, 0.167115, 0.00501639], 
              [0.00501639, 0.822852, 0.00318033, 0.168951], 
              [0.00501639, 0.167115, 0.822852, 0.00501639], 
              [0.00501639, 0.00318033, 0.00318033, 0.988623], 
              [0.168951, 0.00318033, 0.822852, 0.00501639], 
              [0.168951, 0.00318033, 0.00318033, 0.824688], 
              [0.168951, 0.822852, 0.00318033, 0.00501639], 
              [0.332885, 0.658918, 0.00318033, 0.00501639], 
              [0.00501639, 0.00318033, 0.00318033, 0.988623], 
              [0.00501639, 0.00318033, 0.986787, 0.00501639], 
              [0.00501639, 0.00318033, 0.986787, 0.00501639], 
              [0.00501639, 0.822852, 0.167115, 0.00501639], 
              [0.988623, 0.00318033, 0.00318033, 0.00501639], 
              [0.00501639, 0.00318033, 0.986787, 0.00501639], 
              [0.00501639, 0.00318033, 0.986787, 0.00501639], 
              [0.332885, 0.00318033, 0.658918, 0.00501639], 
              [0.00501639, 0.00318033, 0.00318033, 0.988623], 
              [0.00501639, 0.986787, 0.00318033, 0.00501639], 
              [0.00501639, 0.00318033, 0.658918, 0.332885], 
              [0.00501639, 0.822852, 0.167115, 0.00501639], 
              [0.168951, 0.822852, 0.00318033, 0.00501639], 
              [0.660754, 0.167115, 0.00318033, 0.168951], 
              [0.00501639, 0.986787, 0.00318033, 0.00501639], 
              [0.00501639, 0.331049, 0.00318033, 0.660754]
            ]
          }, {
            "db": 0,
            "id": "TTTYTTTTTTY",
            "alt": "MEME-1",
            "len": 11,
            "nsites": 316,
            "evalue": "3.3e-012",
            "pwm": [
              [9.68047e-05, 6.13731e-05, 6.13731e-05, 0.99978], 
              [9.68047e-05, 6.13731e-05, 6.13731e-05, 0.99978], 
              [9.68047e-05, 0.158239, 0.0570054, 0.784659], 
              [9.68047e-05, 0.458777, 6.13731e-05, 0.541065], 
              [9.68047e-05, 0.294272, 0.110785, 0.594846], 
              [9.68047e-05, 0.0222064, 6.13731e-05, 0.977635], 
              [9.68047e-05, 0.218346, 0.0570054, 0.724552], 
              [9.68047e-05, 6.13731e-05, 6.13731e-05, 0.99978], 
              [9.68047e-05, 0.237328, 0.0854773, 0.677098], 
              [9.68047e-05, 6.13731e-05, 6.13731e-05, 0.99978], 
              [9.68047e-05, 0.477758, 6.13731e-05, 0.522084]
            ]
          }, {
            "db": 0,
            "id": "TWTTGHTAAAASCACGCGDTCMG",
            "alt": "MEME-2",
            "len": 23,
            "nsites": 15,
            "evalue": "2.0e-004",
            "pwm": [
              [0.00202649, 0.00128477, 0.00128477, 0.995404], 
              [0.399377, 0.00128477, 0.0675103, 0.531827], 
              [0.00202649, 0.133735, 0.00128477, 0.862954], 
              [0.068252, 0.19996, 0.00128477, 0.730503], 
              [0.00202649, 0.00128477, 0.862212, 0.134476], 
              [0.399377, 0.19996, 0.0675103, 0.333152], 
              [0.134476, 0.00128477, 0.19996, 0.664278], 
              [0.929178, 0.00128477, 0.0675103, 0.00202649], 
              [0.796728, 0.19996, 0.00128477, 0.00202649], 
              [0.796728, 0.133735, 0.0675103, 0.00202649], 
              [0.929178, 0.0675103, 0.00128477, 0.00202649], 
              [0.00202649, 0.464861, 0.33241, 0.200702], 
              [0.00202649, 0.994662, 0.00128477, 0.00202649], 
              [0.862954, 0.00128477, 0.133735, 0.00202649], 
              [0.00202649, 0.928437, 0.0675103, 0.00202649], 
              [0.00202649, 0.0675103, 0.663537, 0.266927], 
              [0.00202649, 0.862212, 0.133735, 0.00202649], 
              [0.134476, 0.133735, 0.729761, 0.00202649], 
              [0.333152, 0.00128477, 0.398636, 0.266927], 
              [0.00202649, 0.0675103, 0.00128477, 0.929178], 
              [0.068252, 0.663537, 0.00128477, 0.266927], 
              [0.598053, 0.33241, 0.00128477, 0.068252], 
              [0.00202649, 0.0675103, 0.928437, 0.00202649]
            ]
          }, {
            "db": 0,
            "id": "WTCWGAKTTRAWWTTTCTSWCKTTK",
            "alt": "MEME-3",
            "len": 25,
            "nsites": 29,
            "evalue": "2.7e-004",
            "pwm": [
              [0.31033, 0.000666667, 0.138124, 0.55088], 
              [0.035416, 0.206853, 0.172488, 0.585244], 
              [0.035416, 0.653587, 0.000666667, 0.31033], 
              [0.413423, 0.103759, 0.000666667, 0.482152], 
              [0.104144, 0.000666667, 0.859773, 0.035416], 
              [0.619609, 0.000666667, 0.103759, 0.275966], 
              [0.104144, 0.000666667, 0.34431, 0.55088], 
              [0.241601, 0.000666667, 0.0350312, 0.722701], 
              [0.00105155, 0.0350312, 0.000666667, 0.963251], 
              [0.379058, 0.0350312, 0.447402, 0.138509], 
              [0.825794, 0.000666667, 0.000666667, 0.172873], 
              [0.447787, 0.000666667, 0.0693957, 0.482152], 
              [0.275966, 0.0350312, 0.172488, 0.516515], 
              [0.00105155, 0.0693957, 0.000666667, 0.928886], 
              [0.00105155, 0.000666667, 0.000666667, 0.997615], 
              [0.00105155, 0.172488, 0.000666667, 0.825794], 
              [0.00105155, 0.687952, 0.000666667, 0.31033], 
              [0.00105155, 0.103759, 0.000666667, 0.894523], 
              [0.00105155, 0.378673, 0.51613, 0.104144], 
              [0.379058, 0.000666667, 0.172488, 0.447787], 
              [0.00105155, 0.550495, 0.241216, 0.207238], 
              [0.00105155, 0.000666667, 0.34431, 0.653972], 
              [0.104144, 0.241216, 0.000666667, 0.653972], 
              [0.00105155, 0.0350312, 0.138124, 0.825794], 
              [0.00105155, 0.0693957, 0.378673, 0.55088]
            ]
          }
        ],
        "targets": [
          {
            "db": 0,
            "id": "MA0006.1",
            "alt": "Ahr::Arnt",
            "len": 6,
            "nsites": 24,
            "url": "http://jaspar2022.genereg.net/matrix/MA0006.1",
            "pwm": [
              [0.125751, 0.332755, 0.0837922, 0.457701], 
              [0.00126971, 0.000804981, 0.955161, 0.0427638], 
              [0.00126971, 0.955161, 0.000804981, 0.0427638], 
              [0.00126971, 0.000804981, 0.955161, 0.0427638], 
              [0.00126971, 0.000804981, 0.000804981, 0.99712], 
              [0.00126971, 0.000804981, 0.996656, 0.00126971]
            ]
          }, {
            "db": 0,
            "id": "MA0049.1",
            "alt": "hb",
            "len": 10,
            "nsites": 16,
            "url": "http://jaspar2022.genereg.net/matrix/MA0049.1",
            "pwm": [
              [0.0640124, 0.311764, 0.498099, 0.126124], 
              [0.374571, 0.498099, 0.125429, 0.00190062], 
              [0.560907, 0.18754, 0.249652, 0.00190062], 
              [0.250348, 0.18754, 0.0633168, 0.498795], 
              [0.809354, 0.0633168, 0.00120497, 0.126124], 
              [0.995689, 0.00120497, 0.00120497, 0.00190062], 
              [0.995689, 0.00120497, 0.00120497, 0.00190062], 
              [0.871466, 0.00120497, 0.125429, 0.00190062], 
              [0.933578, 0.0633168, 0.00120497, 0.00190062], 
              [0.560907, 0.125429, 0.125429, 0.188236]
            ]
          }, {
            "db": 0,
            "id": "MA0052.4",
            "alt": "MEF2A",
            "len": 15,
            "nsites": 16162,
            "url": "http://jaspar2022.genereg.net/matrix/MA0052.4",
            "pwm": [
              [0.314008, 0.13111, 0.2259, 0.328982], 
              [0.249536, 0.121272, 0.277997, 0.351194], 
              [0.122758, 0.675594, 0.0623078, 0.13934], 
              [0.0387967, 0.184012, 0.0146031, 0.762588], 
              [0.769518, 0.0626788, 0.0659578, 0.101845], 
              [0.81252, 0.0156551, 0.037744, 0.134081], 
              [0.908299, 0.00872515, 0.031309, 0.0516656], 
              [0.894254, 0.0142941, 0.0149131, 0.0765394], 
              [0.925377, 0.0107051, 0.0124991, 0.0514186], 
              [0.0272877, 0.0215951, 0.0133041, 0.937813], 
              [0.964109, 0.00309518, 0.026112, 0.00668385], 
              [0.158768, 0.0655868, 0.687041, 0.0886043], 
              [0.476982, 0.249907, 0.0993076, 0.173804], 
              [0.381822, 0.21798, 0.111992, 0.288207], 
              [0.325084, 0.235862, 0.153384, 0.28567]
            ]
          }, {
            "db": 0,
            "id": "MA0058.3",
            "alt": "MAX",
            "len": 10,
            "nsites": 6877,
            "url": "http://jaspar2022.genereg.net/matrix/MA0058.3",
            "pwm": [
              [0.480875, 0.226261, 0.188309, 0.104554], 
              [0.278545, 0.408579, 0.220218, 0.0926581], 
              [0.00564437, 0.994348, 2.82096e-06, 4.44955e-06], 
              [0.982135, 2.82096e-06, 0.0124296, 0.00543237], 
              [4.44955e-06, 0.966806, 0.000986807, 0.032203], 
              [0.0453018, 0.00537274, 0.946705, 0.00262041], 
              [0.00969031, 0.0223215, 0.00280978, 0.965178], 
              [4.44955e-06, 0.00389376, 0.990909, 0.00519237], 
              [0.195057, 0.356362, 0.238254, 0.210328], 
              [0.163178, 0.323587, 0.143398, 0.369836]
            ]
          }, {
            "db": 0,
            "id": "MA0059.1",
            "alt": "MAX::MYC",
            "len": 11,
            "nsites": 21,
            "url": "http://jaspar2022.genereg.net/matrix/MA0059.1",
            "pwm": [
              [0.333203, 0.0483128, 0.427459, 0.191024], 
              [0.712351, 0.0483128, 0.190493, 0.0488436], 
              [0.0962369, 0.427459, 0.427459, 0.0488436], 
              [0.0488436, 0.948787, 0.000919433, 0.00145024], 
              [0.996711, 0.000919433, 0.000919433, 0.00145024], 
              [0.00145024, 0.948787, 0.000919433, 0.0488436], 
              [0.0488436, 0.000919433, 0.948787, 0.00145024], 
              [0.00145024, 0.0483128, 0.000919433, 0.949318], 
              [0.00145024, 0.000919433, 0.99618, 0.00145024], 
              [0.0488436, 0.0483128, 0.854, 0.0488436], 
              [0.14363, 0.237886, 0.000919433, 0.617564]
            ]
          }, {
            "db": 0,
            "id": "MA0080.6",
            "alt": "Spi1",
            "len": 17,
            "nsites": 105198,
            "url": "http://jaspar2022.genereg.net/matrix/MA0080.6",
            "pwm": [
              [0.394485, 0.147037, 0.262961, 0.195517], 
              [0.35667, 0.141647, 0.348191, 0.153492], 
              [0.632436, 0.0652391, 0.216801, 0.0855242], 
              [0.782144, 0.0547351, 0.100895, 0.0622262], 
              [0.774359, 0.0221492, 0.0971501, 0.106342], 
              [0.0820932, 0.115981, 0.760337, 0.0415883], 
              [0.855072, 0.0246582, 0.0915991, 0.0286703], 
              [0.0387553, 0.00522818, 0.944504, 0.0115123], 
              [0.0192783, 0.00789918, 0.963734, 0.00908828], 
              [0.969713, 0.0104092, 0.0101052, 0.00977228], 
              [0.94611, 0.00910718, 0.0173202, 0.0274623], 
              [0.0723972, 0.0671781, 0.847354, 0.0130713], 
              [0.161572, 0.0353242, 0.0487461, 0.754358], 
              [0.0947932, 0.0577481, 0.792647, 0.0548112], 
              [0.220479, 0.11005, 0.548195, 0.121276], 
              [0.373828, 0.165716, 0.264958, 0.195498], 
              [0.355225, 0.162199, 0.249159, 0.233417]
            ]
          }, {
            "db": 0,
            "id": "MA0081.2",
            "alt": "SPIB",
            "len": 16,
            "nsites": 26930,
            "url": "http://jaspar2022.genereg.net/matrix/MA0081.2",
            "pwm": [
              [0.198552, 0.215262, 0.149499, 0.436688], 
              [0.173858, 0.307947, 0.168734, 0.349462], 
              [0.0809138, 0.23873, 0.118567, 0.561789], 
              [0.0140751, 0.89012, 0.0639065, 0.031899], 
              [0.903043, 0.0229866, 0.0248426, 0.049128], 
              [0.0088761, 0.844038, 0.0934274, 0.0536589], 
              [0.0167111, 0.00876369, 0.0058307, 0.968695], 
              [0.00705611, 0.00742769, 0.00902369, 0.976493], 
              [0.00765011, 0.970847, 0.0056817, 0.0158201], 
              [0.0102131, 0.946599, 0.0047907, 0.038397], 
              [0.032121, 0.167731, 0.0679175, 0.73223], 
              [0.037877, 0.74686, 0.0860014, 0.129262], 
              [0.184293, 0.145637, 0.0290016, 0.641068], 
              [0.105385, 0.201448, 0.0774974, 0.615669], 
              [0.154438, 0.223877, 0.0894544, 0.532231], 
              [0.1495, 0.318938, 0.15466, 0.376903]
            ]
          }, {
            "db": 0,
            "id": "MA0082.1",
            "alt": "squamosa",
            "len": 14,
            "nsites": 30,
            "url": "http://jaspar2022.genereg.net/matrix/MA0082.1",
            "pwm": [
              [0.366465, 0.465761, 0.0338668, 0.133907], 
              [0.00101661, 0.731541, 0.000644519, 0.266798], 
              [0.798359, 0.000644519, 0.133535, 0.0674621], 
              [0.532578, 0.06709, 0.0338668, 0.366465], 
              [0.765137, 0.000644519, 0.000644519, 0.233574], 
              [0.565801, 0.000644519, 0.000644519, 0.43291], 
              [0.798359, 0.0338668, 0.000644519, 0.16713], 
              [0.266798, 0.000644519, 0.0338668, 0.698691], 
              [0.466133, 0.0338668, 0.498983, 0.00101661], 
              [0.0342389, 0.0338668, 0.930877, 0.00101661], 
              [0.466133, 0.166758, 0.0338668, 0.333242], 
              [0.831581, 0.166758, 0.000644519, 0.00101661], 
              [0.698691, 0.06709, 0.100312, 0.133907], 
              [0.233574, 0.166758, 0.266426, 0.333242]
            ]
          }, {
            "db": 0,
            "id": "MA0106.3",
            "alt": "TP53",
            "len": 18,
            "nsites": 17412,
            "url": "http://jaspar2022.genereg.net/matrix/MA0106.3",
            "pwm": [
              [0.433263, 0.0595578, 0.376923, 0.130256], 
              [0.761991, 0.00840807, 0.17633, 0.0532705], 
              [0.00218774, 0.956516, 0.000633111, 0.0406645], 
              [0.882011, 0.015082, 0.0482748, 0.0546324], 
              [0.0809903, 0.017714, 0.00649008, 0.894806], 
              [0.000393755, 9.91136e-05, 0.999505, 1.7574e-06], 
              [0.0125317, 0.616955, 0.00559808, 0.364916], 
              [0.0569244, 0.801276, 0.019331, 0.122469], 
              [0.0604394, 0.626812, 0.113539, 0.199209], 
              [0.22136, 0.0847276, 0.572166, 0.121746], 
              [0.151021, 0.0318569, 0.751977, 0.0651454], 
              [0.44012, 0.0016121, 0.546494, 0.0117727], 
              [1.7574e-06, 0.999737, 0.000208113, 5.37571e-05], 
              [0.892176, 0.017258, 0.0108381, 0.0797283], 
              [0.0917282, 0.00593208, 0.00447409, 0.897866], 
              [0.0155907, 0.00157411, 0.979592, 0.00324374], 
              [0.0396105, 0.150415, 0.00522808, 0.804746], 
              [0.0714573, 0.445776, 0.0400499, 0.442717]
            ]
          }, {
            "db": 0,
            "id": "MA0117.2",
            "alt": "Mafb",
            "len": 12,
            "nsites": 2183,
            "url": "http://jaspar2022.genereg.net/matrix/MA0117.2",
            "pwm": [
              [0.566639, 0.0797122, 0.149338, 0.204311], 
              [0.578815, 0.0554603, 0.0728745, 0.292852], 
              [0.49495, 0.0989964, 0.0834151, 0.322639], 
              [0.34097, 0.182402, 0.196609, 0.280019], 
              [0.0853091, 0.199677, 0.0100244, 0.70499], 
              [0.000921975, 0.0063636, 0.990432, 0.00228391], 
              [0.11853, 0.876626, 0.00201779, 0.00282589], 
              [0.0137854, 0.0160012, 0.000896846, 0.969317], 
              [0.0186852, 0.00540264, 0.905361, 0.0705498], 
              [0.980643, 0.00585162, 0.00764854, 0.00585675], 
              [0.0582144, 0.69777, 0.156702, 0.087314], 
              [0.26673, 0.063251, 0.296054, 0.373966]
            ]
          }, {
            "db": 0,
            "id": "MA0119.1",
            "alt": "NFIC::TLX1",
            "len": 14,
            "nsites": 16,
            "url": "http://jaspar2022.genereg.net/matrix/MA0119.1",
            "pwm": [
              [0.00190062, 0.00120497, 0.00120497, 0.995689], 
              [0.00190062, 0.00120497, 0.994994, 0.00190062], 
              [0.00190062, 0.00120497, 0.994994, 0.00190062], 
              [0.00190062, 0.994994, 0.00120497, 0.00190062], 
              [0.871466, 0.0633168, 0.00120497, 0.0640124], 
              [0.126124, 0.498099, 0.311764, 0.0640124], 
              [0.126124, 0.498099, 0.249652, 0.126124], 
              [0.436683, 0.0633168, 0.311764, 0.188236], 
              [0.250348, 0.18754, 0.125429, 0.436683], 
              [0.00190062, 0.00120497, 0.994994, 0.00190062], 
              [0.00190062, 0.994994, 0.00120497, 0.00190062], 
              [0.00190062, 0.994994, 0.00120497, 0.00190062], 
              [0.995689, 0.00120497, 0.00120497, 0.00190062], 
              [0.871466, 0.00120497, 0.0633168, 0.0640124]
            ]
          }, {
            "db": 0,
            "id": "MA0205.2",
            "alt": "Trl",
            "len": 12,
            "nsites": 6858,
            "url": "http://jaspar2022.genereg.net/matrix/MA0205.2",
            "pwm": [
              [0.322251, 0.193934, 0.391802, 0.0920121], 
              [0.381743, 0.196559, 0.287546, 0.134153], 
              [0.598859, 0.0870536, 0.277339, 0.0367489], 
              [0.964265, 0.00685573, 0.00641874, 0.0224601], 
              [0.0132733, 0.00787671, 0.952891, 0.0259591], 
              [0.983221, 0.00306478, 0.00641874, 0.00729536], 
              [0.00146244, 0.00554375, 0.989052, 0.0039414], 
              [0.962807, 0.0265404, 0.00656473, 0.0040874], 
              [0.0205642, 0.00423177, 0.96791, 0.00729536], 
              [0.74438, 0.123215, 0.0721798, 0.0602256], 
              [0.275299, 0.0905525, 0.554092, 0.0800553], 
              [0.43511, 0.12686, 0.317729, 0.1203]
            ]
          }, {
            "db": 0,
            "id": "MA0277.1",
            "alt": "AZF1",
            "len": 9,
            "nsites": 102,
            "url": "http://jaspar2022.genereg.net/matrix/MA0277.1",
            "pwm": [
              [0.617342, 0.127516, 0.127516, 0.127626], 
              [0.99932, 0.00019001, 0.00019001, 0.000299706], 
              [0.99932, 0.00019001, 0.00019001, 0.000299706], 
              [0.870733, 0.128777, 0.00019001, 0.000299706], 
              [0.749565, 0.00019001, 0.249945, 0.000299706], 
              [0.000299706, 0.00019001, 0.999211, 0.000299706], 
              [0.779536, 0.160033, 0.0301606, 0.0302703], 
              [0.81768, 0.0607367, 0.0607367, 0.0608463], 
              [0.617342, 0.127516, 0.127516, 0.127626]
            ]
          }, {
            "db": 0,
            "id": "MA0294.1",
            "alt": "EDS1",
            "len": 9,
            "nsites": 99,
            "url": "http://jaspar2022.genereg.net/matrix/MA0294.1",
            "pwm": [
              [0.14158, 0.524919, 0.141467, 0.192034], 
              [0.000308779, 0.000195762, 0.999187, 0.000308779], 
              [0.000308779, 0.000195762, 0.999187, 0.000308779], 
              [0.9993, 0.000195762, 0.000195762, 0.000308779], 
              [0.759542, 0.000195762, 0.000195762, 0.240067], 
              [0.475077, 0.23758, 0.0991059, 0.188238], 
              [0.9993, 0.000195762, 0.000195762, 0.000308779], 
              [0.827756, 0.0102866, 0.0102866, 0.151671], 
              [0.150157, 0.199994, 0.110085, 0.539764]
            ]
          }, {
            "db": 0,
            "id": "MA0330.1",
            "alt": "MBP1::SWI6",
            "len": 7,
            "nsites": 22439,
            "url": "http://jaspar2022.genereg.net/matrix/MA0330.1",
            "pwm": [
              [0.675295, 8.64564e-07, 0.0180498, 0.306654], 
              [0.00367735, 0.983766, 0.00452884, 0.00802633], 
              [0.00202535, 0.00818683, 0.988751, 0.00103536], 
              [0.00138736, 0.853141, 0.00840783, 0.137064], 
              [0.00265335, 0.00818283, 0.988218, 0.000945359], 
              [0.0321212, 0.0659656, 0.0666286, 0.835285], 
              [0.0153433, 0.382791, 0.0370737, 0.564792]
            ]
          }, {
            "db": 0,
            "id": "MA0367.1",
            "alt": "RGT1",
            "len": 11,
            "nsites": 100,
            "url": "http://jaspar2022.genereg.net/matrix/MA0367.1",
            "pwm": [
              [0.419886, 0.130064, 0.229964, 0.220086], 
              [0.339966, 0.100094, 0.339854, 0.220086], 
              [0.369936, 0.000193807, 0.000193807, 0.629676], 
              [0.21791, 0.019976, 0.000193807, 0.76192], 
              [0.270036, 0.150044, 0.170024, 0.409896], 
              [0.300006, 0.180014, 0.0401538, 0.479826], 
              [0.000305694, 0.120074, 0.000193807, 0.879427], 
              [0.000305694, 0.999195, 0.000193807, 0.000305694], 
              [0.000305694, 0.999195, 0.000193807, 0.000305694], 
              [0.0398701, 0.000193807, 0.880501, 0.0794346], 
              [0.319986, 0.130064, 0.329864, 0.220086]
            ]
          }, {
            "db": 0,
            "id": "MA0373.1",
            "alt": "RPN4",
            "len": 7,
            "nsites": 99,
            "url": "http://jaspar2022.genereg.net/matrix/MA0373.1",
            "pwm": [
              [0.232397, 0.000195762, 0.676281, 0.091126], 
              [0.000308779, 0.000195762, 0.999187, 0.000308779], 
              [0.000308779, 0.000195762, 0.120075, 0.879421], 
              [0.000308779, 0.000195762, 0.999187, 0.000308779], 
              [0.000308779, 0.000195762, 0.999187, 0.000308779], 
              [0.000308779, 0.999187, 0.000195762, 0.000308779], 
              [0.130178, 0.000195762, 0.869318, 0.000308779]
            ]
          }, {
            "db": 0,
            "id": "MA0374.1",
            "alt": "RSC3",
            "len": 7,
            "nsites": 100,
            "url": "http://jaspar2022.genereg.net/matrix/MA0374.1",
            "pwm": [
              [0.000305694, 0.909285, 0.0501439, 0.0402657], 
              [0.000305694, 0.000193807, 0.999195, 0.000305694], 
              [0.000305694, 0.999195, 0.000193807, 0.000305694], 
              [0.000305694, 0.000193807, 0.999195, 0.000305694], 
              [0.0608511, 0.555195, 0.18183, 0.202124], 
              [0.190116, 0.299894, 0.369824, 0.140166], 
              [0.227801, 0.257363, 0.336492, 0.178346]
            ]
          }, {
            "db": 0,
            "id": "MA0388.1",
            "alt": "SPT23",
            "len": 8,
            "nsites": 214,
            "url": "http://jaspar2022.genereg.net/matrix/MA0388.1",
            "pwm": [
              [0.443861, 9.0612e-05, 0.555906, 0.000142924], 
              [0.999676, 9.0612e-05, 9.0612e-05, 0.000142924], 
              [0.85603, 9.0612e-05, 0.131766, 0.0121133], 
              [0.853247, 9.0612e-05, 9.0612e-05, 0.146571], 
              [0.00595421, 0.209295, 9.0612e-05, 0.78466], 
              [0.000142924, 0.549635, 0.266898, 0.183324], 
              [0.603213, 0.206698, 0.100603, 0.0894862], 
              [0.962883, 9.0612e-05, 0.0368834, 0.000142924]
            ]
          }, {
            "db": 0,
            "id": "MA0390.1",
            "alt": "STB3",
            "len": 21,
            "nsites": 997,
            "url": "http://jaspar2022.genereg.net/matrix/MA0390.1",
            "pwm": [
              [0.0983158, 0.168509, 0.547608, 0.185569], 
              [0.166347, 0.173349, 0.202404, 0.457901], 
              [0.18256, 0.416227, 0.0571857, 0.344028], 
              [0.1944, 0.379741, 0.107223, 0.318636], 
              [0.507996, 0.0591315, 0.189379, 0.243493], 
              [0.547524, 0.120127, 0.151155, 0.181194], 
              [0.777508, 0.0350859, 0.0711543, 0.116251], 
              [0.49948, 0.0270437, 0.0330491, 0.440427], 
              [0.0992187, 0.0110404, 0.00202326, 0.887718], 
              [0.0531314, 0.00502895, 0.00102136, 0.940818], 
              [0.0100497, 0.00402705, 0.00202326, 0.9839], 
              [0.0130554, 1.94565e-05, 0.0150479, 0.971877], 
              [3.0689e-05, 0.064077, 0.0200374, 0.915855], 
              [0.00303339, 0.990911, 0.00202126, 0.00403429], 
              [0.9659, 0.00702575, 0.0250419, 0.00203249], 
              [0.150317, 0.588136, 0.084179, 0.177368], 
              [0.129147, 0.120127, 0.137143, 0.613583], 
              [0.166347, 0.32664, 0.2004, 0.306613], 
              [0.308617, 0.253501, 0.125258, 0.312624], 
              [0.233474, 0.170343, 0.315619, 0.280564], 
              [0.226688, 0.182549, 0.296881, 0.293883]
            ]
          }, {
            "db": 0,
            "id": "MA0442.2",
            "alt": "SOX10",
            "len": 11,
            "nsites": 2055,
            "url": "http://jaspar2022.genereg.net/matrix/MA0442.2",
            "pwm": [
              [0.332359, 0.193187, 0.256445, 0.218009], 
              [0.351823, 0.137716, 0.277855, 0.232607], 
              [0.544027, 0.181023, 0.15426, 0.12069], 
              [0.984395, 0.00195535, 0.00146937, 0.0121793], 
              [0.00147482, 0.967845, 0.00536218, 0.0253177], 
              [0.987315, 0.00341527, 0.00341527, 0.00585361], 
              [0.957632, 0.0136338, 0.00974097, 0.018992], 
              [0.953254, 0.0112009, 0.00584816, 0.0296974], 
              [0.00488065, 0.00633513, 0.979037, 0.00974642], 
              [0.324087, 0.268609, 0.301212, 0.106093], 
              [0.310462, 0.270069, 0.245739, 0.173729]
            ]
          }, {
            "db": 0,
            "id": "MA0459.1",
            "alt": "tll",
            "len": 10,
            "nsites": 33,
            "url": "http://jaspar2022.genereg.net/matrix/MA0459.1",
            "pwm": [
              [0.605154, 0.121432, 0.121432, 0.151982], 
              [0.877058, 0.000586104, 0.121432, 0.00092447], 
              [0.997903, 0.000586104, 0.000586104, 0.00092447], 
              [0.93748, 0.0307976, 0.0307976, 0.00092447], 
              [0.00092447, 0.000586104, 0.997565, 0.00092447], 
              [0.00092447, 0.061009, 0.000586104, 0.93748], 
              [0.00092447, 0.997565, 0.000586104, 0.00092447], 
              [0.997903, 0.000586104, 0.000586104, 0.00092447], 
              [0.93748, 0.000586104, 0.0307976, 0.0311359], 
              [0.51452, 0.302701, 0.061009, 0.12177]
            ]
          }, {
            "db": 0,
            "id": "MA0495.3",
            "alt": "MAFF",
            "len": 16,
            "nsites": 37746,
            "url": "http://jaspar2022.genereg.net/matrix/MA0495.3",
            "pwm": [
              [0.317358, 0.147645, 0.294654, 0.240343], 
              [0.467467, 0.10931, 0.134425, 0.288799], 
              [0.104462, 0.111747, 0.734964, 0.0488267], 
              [0.0152338, 0.00977649, 0.0108365, 0.964153], 
              [0.0457807, 0.927778, 0.00874349, 0.0176978], 
              [0.966723, 0.0040275, 0.0117635, 0.0174858], 
              [0.0169028, 0.0105975, 0.898716, 0.0737836], 
              [0.0107568, 0.959782, 0.0110745, 0.0183868], 
              [0.912836, 0.0148105, 0.0275794, 0.0447737], 
              [0.202379, 0.115509, 0.117681, 0.56443], 
              [0.189662, 0.0532244, 0.0485614, 0.708551], 
              [0.153288, 0.0641923, 0.0396864, 0.742833], 
              [0.172866, 0.127669, 0.0619673, 0.637497], 
              [0.309225, 0.187887, 0.125338, 0.37755], 
              [0.26477, 0.200922, 0.177794, 0.356515], 
              [0.301674, 0.194511, 0.191093, 0.312722]
            ]
          }, {
            "db": 0,
            "id": "MA0517.1",
            "alt": "STAT1::STAT2",
            "len": 15,
            "nsites": 620,
            "url": "http://jaspar2022.genereg.net/matrix/MA0517.1",
            "pwm": [
              [0.111321, 0.101628, 0.124205, 0.662845], 
              [0.241945, 0.370939, 0.135493, 0.251622], 
              [0.693486, 0.0113195, 0.24354, 0.051654], 
              [0.00488757, 0.238703, 0.753136, 0.00327483], 
              [4.93468e-05, 0.00325677, 3.12853e-05, 0.996663], 
              [0.00488757, 0.00325677, 3.12853e-05, 0.991824], 
              [0.00488757, 0.0209959, 0.00648224, 0.967635], 
              [4.93468e-05, 0.936977, 3.12853e-05, 0.0629422], 
              [0.411273, 0.12098, 0.308047, 0.159701], 
              [0.172603, 0.179034, 0.259666, 0.388697], 
              [0.00650031, 0.0209959, 0.0161577, 0.956347], 
              [0.0161757, 0.00325677, 3.12853e-05, 0.980536], 
              [0.00650031, 0.274181, 0.00648224, 0.712837], 
              [0.0242394, 0.788614, 0.0145449, 0.172603], 
              [0.0452031, 0.588646, 0.0580869, 0.308065]
            ]
          }, {
            "db": 0,
            "id": "MA0518.1",
            "alt": "Stat4",
            "len": 14,
            "nsites": 2873,
            "url": "http://jaspar2022.genereg.net/matrix/MA0518.1",
            "pwm": [
              [0.0734501, 0.354676, 0.168466, 0.403408], 
              [0.00418751, 0.000702728, 6.7523e-06, 0.995103], 
              [0.00906034, 6.7523e-06, 0.184128, 0.806805], 
              [0.219982, 0.775824, 0.00418361, 1.06505e-05], 
              [0.106864, 0.518959, 0.0250669, 0.34911], 
              [0.504692, 0.00975241, 0.425679, 0.0598766], 
              [0.255136, 6.7523e-06, 0.742759, 0.00209858], 
              [0.0156731, 6.7523e-06, 0.984309, 1.06505e-05], 
              [0.999976, 6.7523e-06, 6.7523e-06, 1.06505e-05], 
              [0.999976, 6.7523e-06, 6.7523e-06, 1.06505e-05], 
              [0.547503, 0.0971144, 0.289938, 0.0654454], 
              [0.169166, 0.273231, 0.238425, 0.319179], 
              [0.219982, 0.250955, 0.357808, 0.171255], 
              [0.309433, 0.154195, 0.388785, 0.147587]
            ]
          }, {
            "db": 0,
            "id": "MA0525.2",
            "alt": "TP63",
            "len": 18,
            "nsites": 2724,
            "url": "http://jaspar2022.genereg.net/matrix/MA0525.2",
            "pwm": [
              [0.582222, 0.00955177, 0.366, 0.0422267], 
              [0.916104, 0.000412107, 0.0749634, 0.00851992], 
              [1.12331e-05, 0.99997, 7.12163e-06, 1.12331e-05], 
              [0.965582, 7.12163e-06, 0.0326799, 0.00173117], 
              [0.224824, 0.0107277, 7.12163e-06, 0.76444], 
              [1.12331e-05, 7.12163e-06, 0.99997, 1.12331e-05], 
              [0.00449207, 0.0272151, 7.12163e-06, 0.968286], 
              [0.0312101, 0.329683, 0.00836981, 0.630737], 
              [0.202185, 0.148912, 0.644843, 0.00406108], 
              [0.034177, 0.207748, 0.505175, 0.2529], 
              [0.312953, 0.00032211, 0.671901, 0.0148227], 
              [0.959276, 7.12163e-06, 0.0210134, 0.0197045], 
              [1.12331e-05, 0.99997, 7.12163e-06, 1.12331e-05], 
              [0.91764, 7.12163e-06, 0.000434106, 0.0819192], 
              [0.0212995, 0.175136, 0.00227804, 0.801288], 
              [1.12331e-05, 7.12163e-06, 0.99997, 1.12331e-05], 
              [0.0145167, 0.0598039, 0.000303111, 0.925377], 
              [0.19451, 0.582394, 0.0549441, 0.168152]
            ]
          }, {
            "db": 0,
            "id": "MA0537.1",
            "alt": "blmp-1",
            "len": 11,
            "nsites": 3368,
            "url": "http://jaspar2022.genereg.net/matrix/MA0537.1",
            "pwm": [
              [0.566797, 5.75993e-06, 0.433188, 9.08523e-06], 
              [0.918034, 5.75993e-06, 0.0789824, 0.002978], 
              [0.868748, 5.75993e-06, 0.131237, 9.08523e-06], 
              [0.95485, 5.75993e-06, 0.0451354, 9.08523e-06], 
              [0.250002, 5.75993e-06, 0.611627, 0.138366], 
              [0.343526, 0.0994688, 0.162709, 0.394296], 
              [9.08523e-06, 5.75993e-06, 0.999976, 9.08523e-06], 
              [0.999979, 5.75993e-06, 5.75993e-06, 9.08523e-06], 
              [0.632116, 5.75993e-06, 0.322443, 0.0454357], 
              [0.914768, 5.75993e-06, 0.0754195, 0.00980679], 
              [0.518106, 0.0380096, 0.410623, 0.0332621]
            ]
          }, {
            "db": 0,
            "id": "MA0548.2",
            "alt": "AGL15",
            "len": 19,
            "nsites": 599,
            "url": "http://jaspar2022.genereg.net/matrix/MA0548.2",
            "pwm": [
              [0.222051, 0.363912, 0.228709, 0.185329], 
              [0.0801717, 0.0551152, 0.00837799, 0.856335], 
              [0.0267576, 0.00837799, 0.00503955, 0.959824], 
              [0.140262, 0.0133862, 0.0350845, 0.811268], 
              [5.10766e-05, 0.994858, 3.2382e-05, 0.00505824], 
              [5.10766e-05, 0.726121, 3.2382e-05, 0.273795], 
              [0.333885, 0.133566, 0.0834904, 0.449058], 
              [0.146939, 0.141912, 0.0884986, 0.622652], 
              [0.270457, 3.2382e-05, 0.00670927, 0.722801], 
              [0.0117351, 0.0133862, 3.2382e-05, 0.974846], 
              [0.148607, 0.0751448, 0.0517767, 0.724471], 
              [0.230397, 0.0701377, 0.280453, 0.419013], 
              [0.208697, 0.0017011, 0.78955, 5.10766e-05], 
              [5.10766e-05, 3.2382e-05, 0.976497, 0.0234192], 
              [0.542532, 0.0834904, 0.0467696, 0.327208], 
              [0.906411, 0.0217318, 0.00837799, 0.0634795], 
              [0.792907, 0.0117164, 0.0484383, 0.146939], 
              [0.188668, 0.292138, 0.308829, 0.210367], 
              [0.262111, 0.128559, 0.0834904, 0.525839]
            ]
          }, {
            "db": 0,
            "id": "MA0554.1",
            "alt": "SOC1",
            "len": 15,
            "nsites": 888,
            "url": "http://jaspar2022.genereg.net/matrix/MA0554.1",
            "pwm": [
              [0.324322, 0.13852, 0.111495, 0.425663], 
              [0.193707, 0.297285, 0.12726, 0.381748], 
              [0.0732242, 0.0304234, 0.0383055, 0.858046], 
              [0.0698466, 2.18444e-05, 0.0574474, 0.872684], 
              [0.131777, 0.0529439, 0.100236, 0.715044], 
              [0.0225549, 0.962751, 0.0146602, 3.44555e-05], 
              [3.44555e-05, 0.694764, 0.0101557, 0.295046], 
              [0.516868, 0.0416842, 0.0630777, 0.37837], 
              [0.154296, 0.08785, 2.18444e-05, 0.757832], 
              [0.146414, 0.00677808, 2.18444e-05, 0.846786], 
              [0.0248067, 0.00902983, 2.18444e-05, 0.966142], 
              [0.110382, 0.0270458, 2.18444e-05, 0.86255], 
              [0.101374, 0.0799678, 0.0968579, 0.7218], 
              [0.203841, 0.0112816, 0.769079, 0.0157987], 
              [0.0191763, 0.0259199, 0.748812, 0.206092]
            ]
          }, {
            "db": 0,
            "id": "MA0555.1",
            "alt": "SVP",
            "len": 20,
            "nsites": 92,
            "url": "http://jaspar2022.genereg.net/matrix/MA0555.1",
            "pwm": [
              [0.30435, 0.260797, 0.228224, 0.20663], 
              [0.30435, 0.119646, 0.0870732, 0.488931], 
              [0.30435, 0.0110688, 0.108789, 0.575794], 
              [0.358639, 0.173935, 0.119646, 0.347781], 
              [0.0763366, 0.92312, 0.000210641, 0.000332247], 
              [0.0329058, 0.857974, 0.0110688, 0.098052], 
              [0.630083, 0.173935, 0.076215, 0.119767], 
              [0.727803, 0.0544996, 0.0870732, 0.130626], 
              [0.9341, 0.000210641, 0.000210641, 0.0654784], 
              [0.83638, 0.0110688, 0.021926, 0.130626], 
              [0.847238, 0.0870732, 0.0327842, 0.0329058], 
              [0.369496, 0.108789, 0.152219, 0.369496], 
              [0.174056, 0.000210641, 0.803685, 0.0220476], 
              [0.000332247, 0.000210641, 0.999125, 0.000332247], 
              [0.771233, 0.108789, 0.000210641, 0.119767], 
              [0.912384, 0.021926, 0.021926, 0.043763], 
              [0.83638, 0.076215, 0.021926, 0.0654784], 
              [0.369496, 0.0870732, 0.423663, 0.119767], 
              [0.54322, 0.173935, 0.0544996, 0.228345], 
              [0.412927, 0.228224, 0.0327842, 0.326065]
            ]
          }, {
            "db": 0,
            "id": "MA0556.1",
            "alt": "AP3",
            "len": 15,
            "nsites": 291,
