<!DOCTYPE HTML>
<html>
  <head>
    <meta charset="UTF-8">
    <title>Tomtom Results</title>
    <script>
      // @JSON_VAR data
      var data = {
        "program": "Tomtom",
        "version": "5.5.7",
        "release": "Wed Jun 19 13:59:04 2024 -0700",
        "cmd": [
          "tomtom", "-no-ssc", "-oc", "tomtom_output_upAboral",
          "-min-overlap", "5", "-dist", "pearson", "-evalue", "-thresh",
          "10.0", "meme_output_upAboral/meme.txt",
          "../../../references/motif_dbs/JASPAR/JASPAR2022_CORE_non-redundant_v2.meme"
        ],
        "options": {
          "strands": "both",
          "distance_measure": "pearson",
          "threshold_type": "evalue",
          "threshold_value": 10,
          "background_source": "--query--"
        },
        "alphabet": {
          "name": "DNA",
          "like": "dna",
          "ncore": 4,
          "symbols": [
            {
              "symbol": "A",
              "name": "Adenine",
              "colour": "CC0000",
              "complement": "T"
            }, {
              "symbol": "C",
              "name": "Cytosine",
              "colour": "0000CC",
              "complement": "G"
            }, {
              "symbol": "G",
              "name": "Guanine",
              "colour": "FFB300",
              "complement": "C"
            }, {
              "symbol": "T",
              "aliases": "U",
              "name": "Thymine",
              "colour": "008000",
              "complement": "A"
            }, {
              "symbol": "N",
              "aliases": "X.",
              "name": "Any base",
              "equals": "ACGT"
            }, {
              "symbol": "V",
              "name": "Not T",
              "equals": "ACG"
            }, {
              "symbol": "H",
              "name": "Not G",
              "equals": "ACT"
            }, {
              "symbol": "D",
              "name": "Not C",
              "equals": "AGT"
            }, {
              "symbol": "B",
              "name": "Not A",
              "equals": "CGT"
            }, {
              "symbol": "M",
              "name": "Amino",
              "equals": "AC"
            }, {
              "symbol": "R",
              "name": "Purine",
              "equals": "AG"
            }, {
              "symbol": "W",
              "name": "Weak",
              "equals": "AT"
            }, {
              "symbol": "S",
              "name": "Strong",
              "equals": "CG"
            }, {
              "symbol": "Y",
              "name": "Pyrimidine",
              "equals": "CT"
            }, {
              "symbol": "K",
              "name": "Keto",
              "equals": "GT"
            }
          ]
        },
        "background": [0.306, 0.194, 0.194, 0.306],
        "query_dbs": [
          {
            "source": "meme_output_upAboral/meme.txt",
            "name": "meme.txt",
            "loaded": 10,
            "excluded": 0,
            "last_modified": "Thu Dec 12 03:33:03 2024"
          }
        ],
        "target_dbs": [
          {
            "source": "../../../references/motif_dbs/JASPAR/JASPAR2022_CORE_non-redundant_v2.meme",
            "name": "JASPAR2022_CORE_non-redundant_v2",
            "loaded": 1956,
            "excluded": 0,
            "last_modified": "Wed Jan 10 00:00:00 2024"
          }
        ],
        "queries": [
          {
            "db": 0,
            "id": "CGGTACACGTCGTGGTATTCTCYCC",
            "alt": "MEME-7",
            "len": 25,
            "nsites": 3,
            "evalue": "2.7e+000",
            "pwm": [
              [0.00987096, 0.974, 0.00625807, 0.00987096], 
              [0.00987096, 0.00625807, 0.974, 0.00987096], 
              [0.00987096, 0.00625807, 0.974, 0.00987096], 
              [0.00987096, 0.00625807, 0.00625807, 0.977613], 
              [0.977613, 0.00625807, 0.00625807, 0.00987096], 
              [0.00987096, 0.974, 0.00625807, 0.00987096], 
              [0.977613, 0.00625807, 0.00625807, 0.00987096], 
              [0.00987096, 0.974, 0.00625807, 0.00987096], 
              [0.00987096, 0.00625807, 0.974, 0.00987096], 
              [0.00987096, 0.00625807, 0.00625807, 0.977613], 
              [0.00987096, 0.974, 0.00625807, 0.00987096], 
              [0.00987096, 0.00625807, 0.974, 0.00987096], 
              [0.00987096, 0.00625807, 0.00625807, 0.977613], 
              [0.00987096, 0.00625807, 0.974, 0.00987096], 
              [0.00987096, 0.00625807, 0.974, 0.00987096], 
              [0.00987096, 0.00625807, 0.00625807, 0.977613], 
              [0.977613, 0.00625807, 0.00625807, 0.00987096], 
              [0.00987096, 0.00625807, 0.00625807, 0.977613], 
              [0.00987096, 0.00625807, 0.00625807, 0.977613], 
              [0.00987096, 0.974, 0.00625807, 0.00987096], 
              [0.00987096, 0.00625807, 0.00625807, 0.977613], 
              [0.00987096, 0.974, 0.00625807, 0.00987096], 
              [0.00987096, 0.328838, 0.00625807, 0.655033], 
              [0.00987096, 0.974, 0.00625807, 0.00987096], 
              [0.00987096, 0.974, 0.00625807, 0.00987096]
            ]
          }, {
            "db": 0,
            "id": "CTCHCGCGTCYGAAGWTTTTC",
            "alt": "MEME-10",
            "len": 21,
            "nsites": 9,
            "evalue": "2.5e+004",
            "pwm": [
              [0.00336263, 0.991143, 0.00213187, 0.00336263], 
              [0.00336263, 0.112022, 0.221912, 0.662704], 
              [0.00336263, 0.991143, 0.00213187, 0.00336263], 
              [0.333033, 0.441692, 0.00213187, 0.223143], 
              [0.00336263, 0.881253, 0.00213187, 0.113253], 
              [0.223143, 0.00213187, 0.771363, 0.00336263], 
              [0.00336263, 0.991143, 0.00213187, 0.00336263], 
              [0.00336263, 0.221912, 0.771363, 0.00336263], 
              [0.113253, 0.112022, 0.00213187, 0.772594], 
              [0.223143, 0.771363, 0.00213187, 0.00336263], 
              [0.00336263, 0.331802, 0.00213187, 0.662704], 
              [0.223143, 0.00213187, 0.771363, 0.00336263], 
              [0.772594, 0.112022, 0.00213187, 0.113253], 
              [0.772594, 0.00213187, 0.112022, 0.113253], 
              [0.00336263, 0.221912, 0.551583, 0.223143], 
              [0.662704, 0.00213187, 0.00213187, 0.333033], 
              [0.00336263, 0.112022, 0.00213187, 0.882484], 
              [0.00336263, 0.112022, 0.112022, 0.772594], 
              [0.00336263, 0.00213187, 0.221912, 0.772594], 
              [0.00336263, 0.00213187, 0.00213187, 0.992374], 
              [0.113253, 0.881253, 0.00213187, 0.00336263]
            ]
          }, {
            "db": 0,
            "id": "GCCGTGTCMTGGCAGGRTCKCCACY",
            "alt": "MEME-4",
            "len": 25,
            "nsites": 6,
            "evalue": "2.0e-003",
            "pwm": [
              [0.00501639, 0.167115, 0.822852, 0.00501639], 
              [0.00501639, 0.822852, 0.167115, 0.00501639], 
              [0.00501639, 0.822852, 0.00318033, 0.168951], 
              [0.00501639, 0.167115, 0.822852, 0.00501639], 
              [0.00501639, 0.00318033, 0.00318033, 0.988623], 
              [0.168951, 0.00318033, 0.822852, 0.00501639], 
              [0.168951, 0.00318033, 0.00318033, 0.824688], 
              [0.168951, 0.822852, 0.00318033, 0.00501639], 
              [0.332885, 0.658918, 0.00318033, 0.00501639], 
              [0.00501639, 0.00318033, 0.00318033, 0.988623], 
              [0.00501639, 0.00318033, 0.986787, 0.00501639], 
              [0.00501639, 0.00318033, 0.986787, 0.00501639], 
              [0.00501639, 0.822852, 0.167115, 0.00501639], 
              [0.988623, 0.00318033, 0.00318033, 0.00501639], 
              [0.00501639, 0.00318033, 0.986787, 0.00501639], 
              [0.00501639, 0.00318033, 0.986787, 0.00501639], 
              [0.332885, 0.00318033, 0.658918, 0.00501639], 
              [0.00501639, 0.00318033, 0.00318033, 0.988623], 
              [0.00501639, 0.986787, 0.00318033, 0.00501639], 
              [0.00501639, 0.00318033, 0.658918, 0.332885], 
              [0.00501639, 0.822852, 0.167115, 0.00501639], 
              [0.168951, 0.822852, 0.00318033, 0.00501639], 
              [0.660754, 0.167115, 0.00318033, 0.168951], 
              [0.00501639, 0.986787, 0.00318033, 0.00501639], 
              [0.00501639, 0.331049, 0.00318033, 0.660754]
            ]
          }, {
            "db": 0,
            "id": "GGTMACWSWACTCGCTTYCGK",
            "alt": "MEME-5",
            "len": 21,
            "nsites": 8,
            "evalue": "5.6e-001",
            "pwm": [
              [0.00377778, 0.00239506, 0.990049, 0.00377778], 
              [0.00377778, 0.125852, 0.743136, 0.127235], 
              [0.00377778, 0.00239506, 0.00239506, 0.991432], 
              [0.497605, 0.496222, 0.00239506, 0.00377778], 
              [0.991432, 0.00239506, 0.00239506, 0.00377778], 
              [0.00377778, 0.990049, 0.00239506, 0.00377778], 
              [0.621062, 0.00239506, 0.00239506, 0.374148], 
              [0.00377778, 0.372765, 0.496222, 0.127235], 
              [0.621062, 0.00239506, 0.00239506, 0.374148], 
              [0.867975, 0.125852, 0.00239506, 0.00377778], 
              [0.00377778, 0.866593, 0.125852, 0.00377778], 
              [0.127235, 0.125852, 0.00239506, 0.744519], 
              [0.00377778, 0.743136, 0.249309, 0.00377778], 
              [0.00377778, 0.125852, 0.866593, 0.00377778], 
              [0.00377778, 0.990049, 0.00239506, 0.00377778], 
              [0.00377778, 0.00239506, 0.00239506, 0.991432], 
              [0.250691, 0.00239506, 0.00239506, 0.744519], 
              [0.00377778, 0.619679, 0.00239506, 0.374148], 
              [0.00377778, 0.990049, 0.00239506, 0.00377778], 
              [0.00377778, 0.00239506, 0.990049, 0.00377778], 
              [0.00377778, 0.00239506, 0.496222, 0.497605]
            ]
          }, {
            "db": 0,
            "id": "SYNSRGGGGGGGGGGGGKGGGAGD",
            "alt": "MEME-6",
            "len": 24,
            "nsites": 27,
            "evalue": "1.0e+000",
            "pwm": [
              [0.14873, 0.40662, 0.332819, 0.11183], 
              [0.185631, 0.332819, 0.000715868, 0.480833], 
              [0.222531, 0.259018, 0.259018, 0.259431], 
              [0.0749298, 0.44352, 0.48042, 0.00112915], 
              [0.296332, 0.185218, 0.40662, 0.11183], 
              [0.0749298, 0.000715868, 0.923225, 0.00112915], 
              [0.00112915, 0.000715868, 0.886325, 0.11183], 
              [0.296332, 0.000715868, 0.664923, 0.0380295], 
              [0.185631, 0.000715868, 0.812524, 0.00112915], 
              [0.185631, 0.000715868, 0.701823, 0.11183], 
              [0.222531, 0.000715868, 0.775624, 0.00112915], 
              [0.185631, 0.0376162, 0.775624, 0.00112915], 
              [0.222531, 0.000715868, 0.701823, 0.0749298], 
              [0.00112915, 0.000715868, 0.960125, 0.0380295], 
              [0.0380295, 0.000715868, 0.960125, 0.00112915], 
              [0.0749298, 0.0745165, 0.628023, 0.222531], 
              [0.14873, 0.000715868, 0.849425, 0.00112915], 
              [0.185631, 0.000715868, 0.517322, 0.296332], 
              [0.00112915, 0.111417, 0.886325, 0.00112915], 
              [0.222531, 0.000715868, 0.554222, 0.222531], 
              [0.296332, 0.0745165, 0.628023, 0.00112915], 
              [0.628436, 0.000715868, 0.222118, 0.14873], 
              [0.0380295, 0.000715868, 0.775624, 0.185631], 
              [0.333232, 0.000715868, 0.44352, 0.222531]
            ]
          }, {
            "db": 0,
            "id": "TGAATAATTTGAGAATACGACTGAT",
            "alt": "MEME-9",
            "len": 25,
            "nsites": 5,
            "evalue": "3.1e+002",
            "pwm": [
              [0.006, 0.00380393, 0.00380393, 0.986392], 
              [0.006, 0.00380393, 0.984196, 0.006], 
              [0.986392, 0.00380393, 0.00380393, 0.006], 
              [0.986392, 0.00380393, 0.00380393, 0.006], 
              [0.006, 0.00380393, 0.00380393, 0.986392], 
              [0.986392, 0.00380393, 0.00380393, 0.006], 
              [0.986392, 0.00380393, 0.00380393, 0.006], 
              [0.006, 0.00380393, 0.00380393, 0.986392], 
              [0.006, 0.00380393, 0.00380393, 0.986392], 
              [0.006, 0.00380393, 0.00380393, 0.986392], 
              [0.006, 0.199882, 0.788118, 0.006], 
              [0.986392, 0.00380393, 0.00380393, 0.006], 
              [0.006, 0.00380393, 0.984196, 0.006], 
              [0.790314, 0.00380393, 0.199882, 0.006], 
              [0.986392, 0.00380393, 0.00380393, 0.006], 
              [0.006, 0.00380393, 0.00380393, 0.986392], 
              [0.790314, 0.199882, 0.00380393, 0.006], 
              [0.006, 0.984196, 0.00380393, 0.006], 
              [0.006, 0.199882, 0.788118, 0.006], 
              [0.986392, 0.00380393, 0.00380393, 0.006], 
              [0.202078, 0.788118, 0.00380393, 0.006], 
              [0.202078, 0.00380393, 0.00380393, 0.790314], 
              [0.006, 0.00380393, 0.984196, 0.006], 
              [0.790314, 0.00380393, 0.199882, 0.006], 
              [0.006, 0.00380393, 0.00380393, 0.986392]
            ]
          }, {
            "db": 0,
            "id": "TGTCGGGAAATGGTGCTCGCC",
            "alt": "MEME-8",
            "len": 21,
            "nsites": 5,
            "evalue": "1.2e+002",
            "pwm": [
              [0.006, 0.00380393, 0.00380393, 0.986392], 
              [0.202078, 0.199882, 0.592039, 0.006], 
              [0.006, 0.00380393, 0.00380393, 0.986392], 
              [0.006, 0.984196, 0.00380393, 0.006], 
              [0.006, 0.199882, 0.788118, 0.006], 
              [0.202078, 0.00380393, 0.788118, 0.006], 
              [0.006, 0.00380393, 0.984196, 0.006], 
              [0.986392, 0.00380393, 0.00380393, 0.006], 
              [0.986392, 0.00380393, 0.00380393, 0.006], 
              [0.986392, 0.00380393, 0.00380393, 0.006], 
              [0.006, 0.00380393, 0.00380393, 0.986392], 
              [0.006, 0.00380393, 0.984196, 0.006], 
              [0.006, 0.00380393, 0.984196, 0.006], 
              [0.006, 0.00380393, 0.00380393, 0.986392], 
              [0.006, 0.00380393, 0.788118, 0.202078], 
              [0.202078, 0.788118, 0.00380393, 0.006], 
              [0.006, 0.00380393, 0.00380393, 0.986392], 
              [0.006, 0.788118, 0.199882, 0.006], 
              [0.006, 0.00380393, 0.984196, 0.006], 
              [0.006, 0.984196, 0.00380393, 0.006], 
              [0.006, 0.984196, 0.00380393, 0.006]
            ]
          }, {
            "db": 0,
            "id": "TTTYTTTTTTY",
            "alt": "MEME-1",
            "len": 11,
            "nsites": 316,
            "evalue": "3.3e-012",
            "pwm": [
              [9.68047e-05, 6.13731e-05, 6.13731e-05, 0.99978], 
              [9.68047e-05, 6.13731e-05, 6.13731e-05, 0.99978], 
              [9.68047e-05, 0.158239, 0.0570054, 0.784659], 
              [9.68047e-05, 0.458777, 6.13731e-05, 0.541065], 
              [9.68047e-05, 0.294272, 0.110785, 0.594846], 
              [9.68047e-05, 0.0222064, 6.13731e-05, 0.977635], 
              [9.68047e-05, 0.218346, 0.0570054, 0.724552], 
              [9.68047e-05, 6.13731e-05, 6.13731e-05, 0.99978], 
              [9.68047e-05, 0.237328, 0.0854773, 0.677098], 
              [9.68047e-05, 6.13731e-05, 6.13731e-05, 0.99978], 
              [9.68047e-05, 0.477758, 6.13731e-05, 0.522084]
            ]
          }, {
            "db": 0,
            "id": "TWTTGHTAAAASCACGCGDTCMG",
            "alt": "MEME-2",
            "len": 23,
            "nsites": 15,
            "evalue": "2.0e-004",
            "pwm": [
              [0.00202649, 0.00128477, 0.00128477, 0.995404], 
              [0.399377, 0.00128477, 0.0675103, 0.531827], 
              [0.00202649, 0.133735, 0.00128477, 0.862954], 
              [0.068252, 0.19996, 0.00128477, 0.730503], 
              [0.00202649, 0.00128477, 0.862212, 0.134476], 
              [0.399377, 0.19996, 0.0675103, 0.333152], 
              [0.134476, 0.00128477, 0.19996, 0.664278], 
              [0.929178, 0.00128477, 0.0675103, 0.00202649], 
              [0.796728, 0.19996, 0.00128477, 0.00202649], 
              [0.796728, 0.133735, 0.0675103, 0.00202649], 
              [0.929178, 0.0675103, 0.00128477, 0.00202649], 
              [0.00202649, 0.464861, 0.33241, 0.200702], 
              [0.00202649, 0.994662, 0.00128477, 0.00202649], 
              [0.862954, 0.00128477, 0.133735, 0.00202649], 
              [0.00202649, 0.928437, 0.0675103, 0.00202649], 
              [0.00202649, 0.0675103, 0.663537, 0.266927], 
              [0.00202649, 0.862212, 0.133735, 0.00202649], 
              [0.134476, 0.133735, 0.729761, 0.00202649], 
              [0.333152, 0.00128477, 0.398636, 0.266927], 
              [0.00202649, 0.0675103, 0.00128477, 0.929178], 
              [0.068252, 0.663537, 0.00128477, 0.266927], 
              [0.598053, 0.33241, 0.00128477, 0.068252], 
              [0.00202649, 0.0675103, 0.928437, 0.00202649]
            ]
          }, {
            "db": 0,
            "id": "WTCWGAKTTRAWWTTTCTSWCKTTK",
            "alt": "MEME-3",
            "len": 25,
            "nsites": 29,
            "evalue": "2.7e-004",
            "pwm": [
              [0.31033, 0.000666667, 0.138124, 0.55088], 
              [0.035416, 0.206853, 0.172488, 0.585244], 
              [0.035416, 0.653587, 0.000666667, 0.31033], 
              [0.413423, 0.103759, 0.000666667, 0.482152], 
              [0.104144, 0.000666667, 0.859773, 0.035416], 
              [0.619609, 0.000666667, 0.103759, 0.275966], 
              [0.104144, 0.000666667, 0.34431, 0.55088], 
              [0.241601, 0.000666667, 0.0350312, 0.722701], 
              [0.00105155, 0.0350312, 0.000666667, 0.963251], 
              [0.379058, 0.0350312, 0.447402, 0.138509], 
              [0.825794, 0.000666667, 0.000666667, 0.172873], 
              [0.447787, 0.000666667, 0.0693957, 0.482152], 
              [0.275966, 0.0350312, 0.172488, 0.516515], 
              [0.00105155, 0.0693957, 0.000666667, 0.928886], 
              [0.00105155, 0.000666667, 0.000666667, 0.997615], 
              [0.00105155, 0.172488, 0.000666667, 0.825794], 
              [0.00105155, 0.687952, 0.000666667, 0.31033], 
              [0.00105155, 0.103759, 0.000666667, 0.894523], 
              [0.00105155, 0.378673, 0.51613, 0.104144], 
              [0.379058, 0.000666667, 0.172488, 0.447787], 
              [0.00105155, 0.550495, 0.241216, 0.207238], 
              [0.00105155, 0.000666667, 0.34431, 0.653972], 
              [0.104144, 0.241216, 0.000666667, 0.653972], 
              [0.00105155, 0.0350312, 0.138124, 0.825794], 
              [0.00105155, 0.0693957, 0.378673, 0.55088]
            ]
          }
        ],
        "targets": [
          {
            "db": 0,
            "id": "MA0006.1",
            "alt": "Ahr::Arnt",
            "len": 6,
            "nsites": 24,
            "url": "http://jaspar2022.genereg.net/matrix/MA0006.1",
            "pwm": [
              [0.125751, 0.332755, 0.0837922, 0.457701], 
              [0.00126971, 0.000804981, 0.955161, 0.0427638], 
              [0.00126971, 0.955161, 0.000804981, 0.0427638], 
              [0.00126971, 0.000804981, 0.955161, 0.0427638], 
              [0.00126971, 0.000804981, 0.000804981, 0.99712], 
              [0.00126971, 0.000804981, 0.996656, 0.00126971]
            ]
          }, {
            "db": 0,
            "id": "MA0026.1",
            "alt": "Eip74EF",
            "len": 7,
            "nsites": 17,
            "url": "http://jaspar2022.genereg.net/matrix/MA0026.1",
            "pwm": [
              [0.118748, 0.702889, 0.118094, 0.0602695], 
              [0.294187, 0.702889, 0.0011345, 0.00178947], 
              [0.00178947, 0.0011345, 0.995287, 0.00178947], 
              [0.00178947, 0.0011345, 0.995287, 0.00178947], 
              [0.995942, 0.0011345, 0.0011345, 0.00178947], 
              [0.995942, 0.0011345, 0.0011345, 0.00178947], 
              [0.294187, 0.0596145, 0.58593, 0.0602695]
            ]
          }, {
            "db": 0,
            "id": "MA0028.2",
            "alt": "ELK1",
            "len": 10,
            "nsites": 67234,
            "url": "http://jaspar2022.genereg.net/matrix/MA0028.2",
            "pwm": [
              [0.681306, 0.0409022, 0.192745, 0.0850463], 
              [0.0249704, 0.939861, 0.0303252, 0.00484245], 
              [0.00776344, 0.990506, 0.00127629, 0.000454454], 
              [4.55126e-07, 0.000458288, 0.998974, 0.000567454], 
              [8.6455e-05, 0.000880287, 0.983721, 0.0153124], 
              [0.993062, 0.00505128, 0.00134429, 0.000542454], 
              [0.94711, 0.00688528, 0.00124129, 0.0447644], 
              [0.0585884, 0.0458642, 0.889835, 0.00571145], 
              [0.0169144, 0.116499, 0.0207373, 0.845849], 
              [0.289781, 0.145676, 0.377082, 0.18746]
            ]
          }, {
            "db": 0,
            "id": "MA0039.4",
            "alt": "KLF4",
            "len": 12,
            "nsites": 55817,
            "url": "http://jaspar2022.genereg.net/matrix/MA0039.4",
            "pwm": [
              [0.2252, 0.313883, 0.255173, 0.205744], 
              [0.205798, 0.2515, 0.330957, 0.211746], 
              [0.0441625, 0.881612, 0.0283613, 0.0458645], 
              [0.0377135, 0.857533, 0.0217503, 0.0830034], 
              [0.125786, 0.813461, 0.0254763, 0.0352765], 
              [0.0210155, 0.947291, 0.0142073, 0.0174865], 
              [0.81699, 0.00288434, 0.118208, 0.0619174], 
              [0.0152645, 0.938172, 0.0263363, 0.0202275], 
              [0.0289705, 0.915706, 0.0335023, 0.0218215], 
              [0.0215355, 0.914505, 0.0180053, 0.0459545], 
              [0.291381, 0.326943, 0.112726, 0.26895], 
              [0.178422, 0.344286, 0.25838, 0.218912]
            ]
          }, {
            "db": 0,
            "id": "MA0049.1",
            "alt": "hb",
            "len": 10,
            "nsites": 16,
            "url": "http://jaspar2022.genereg.net/matrix/MA0049.1",
            "pwm": [
              [0.0640124, 0.311764, 0.498099, 0.126124], 
              [0.374571, 0.498099, 0.125429, 0.00190062], 
              [0.560907, 0.18754, 0.249652, 0.00190062], 
              [0.250348, 0.18754, 0.0633168, 0.498795], 
              [0.809354, 0.0633168, 0.00120497, 0.126124], 
              [0.995689, 0.00120497, 0.00120497, 0.00190062], 
              [0.995689, 0.00120497, 0.00120497, 0.00190062], 
              [0.871466, 0.00120497, 0.125429, 0.00190062], 
              [0.933578, 0.0633168, 0.00120497, 0.00190062], 
              [0.560907, 0.125429, 0.125429, 0.188236]
            ]
          }, {
            "db": 0,
            "id": "MA0052.4",
            "alt": "MEF2A",
            "len": 15,
            "nsites": 16162,
            "url": "http://jaspar2022.genereg.net/matrix/MA0052.4",
            "pwm": [
              [0.314008, 0.13111, 0.2259, 0.328982], 
              [0.249536, 0.121272, 0.277997, 0.351194], 
              [0.122758, 0.675594, 0.0623078, 0.13934], 
              [0.0387967, 0.184012, 0.0146031, 0.762588], 
              [0.769518, 0.0626788, 0.0659578, 0.101845], 
              [0.81252, 0.0156551, 0.037744, 0.134081], 
              [0.908299, 0.00872515, 0.031309, 0.0516656], 
              [0.894254, 0.0142941, 0.0149131, 0.0765394], 
              [0.925377, 0.0107051, 0.0124991, 0.0514186], 
              [0.0272877, 0.0215951, 0.0133041, 0.937813], 
              [0.964109, 0.00309518, 0.026112, 0.00668385], 
              [0.158768, 0.0655868, 0.687041, 0.0886043], 
              [0.476982, 0.249907, 0.0993076, 0.173804], 
              [0.381822, 0.21798, 0.111992, 0.288207], 
              [0.325084, 0.235862, 0.153384, 0.28567]
            ]
          }, {
            "db": 0,
            "id": "MA0058.3",
            "alt": "MAX",
            "len": 10,
            "nsites": 6877,
            "url": "http://jaspar2022.genereg.net/matrix/MA0058.3",
            "pwm": [
              [0.480875, 0.226261, 0.188309, 0.104554], 
              [0.278545, 0.408579, 0.220218, 0.0926581], 
              [0.00564437, 0.994348, 2.82096e-06, 4.44955e-06], 
              [0.982135, 2.82096e-06, 0.0124296, 0.00543237], 
              [4.44955e-06, 0.966806, 0.000986807, 0.032203], 
              [0.0453018, 0.00537274, 0.946705, 0.00262041], 
              [0.00969031, 0.0223215, 0.00280978, 0.965178], 
              [4.44955e-06, 0.00389376, 0.990909, 0.00519237], 
              [0.195057, 0.356362, 0.238254, 0.210328], 
              [0.163178, 0.323587, 0.143398, 0.369836]
            ]
          }, {
            "db": 0,
            "id": "MA0059.1",
            "alt": "MAX::MYC",
            "len": 11,
            "nsites": 21,
            "url": "http://jaspar2022.genereg.net/matrix/MA0059.1",
            "pwm": [
              [0.333203, 0.0483128, 0.427459, 0.191024], 
              [0.712351, 0.0483128, 0.190493, 0.0488436], 
              [0.0962369, 0.427459, 0.427459, 0.0488436], 
              [0.0488436, 0.948787, 0.000919433, 0.00145024], 
              [0.996711, 0.000919433, 0.000919433, 0.00145024], 
              [0.00145024, 0.948787, 0.000919433, 0.0488436], 
              [0.0488436, 0.000919433, 0.948787, 0.00145024], 
              [0.00145024, 0.0483128, 0.000919433, 0.949318], 
              [0.00145024, 0.000919433, 0.99618, 0.00145024], 
              [0.0488436, 0.0483128, 0.854, 0.0488436], 
              [0.14363, 0.237886, 0.000919433, 0.617564]
            ]
          }, {
            "db": 0,
            "id": "MA0073.1",
            "alt": "RREB1",
            "len": 20,
            "nsites": 11,
            "url": "http://jaspar2022.genereg.net/matrix/MA0073.1",
            "pwm": [
              [0.273027, 0.722469, 0.00174775, 0.00275675], 
              [0.0928468, 0.902649, 0.00174775, 0.00275675], 
              [0.273027, 0.722469, 0.00174775, 0.00275675], 
              [0.00275675, 0.992739, 0.00174775, 0.00275675], 
              [0.633388, 0.362108, 0.00174775, 0.00275675], 
              [0.813568, 0.181928, 0.00174775, 0.00275675], 
              [0.723478, 0.272018, 0.00174775, 0.00275675], 
              [0.363117, 0.542289, 0.00174775, 0.0928468], 
              [0.00275675, 0.992739, 0.00174775, 0.00275675], 
              [0.993748, 0.00174775, 0.00174775, 0.00275675], 
              [0.363117, 0.632379, 0.00174775, 0.00275675], 
              [0.0928468, 0.902649, 0.00174775, 0.00275675], 
              [0.273027, 0.722469, 0.00174775, 0.00275675], 
              [0.363117, 0.542289, 0.0918378, 0.00275675], 
              [0.182937, 0.812559, 0.00174775, 0.00275675], 
              [0.363117, 0.452198, 0.00174775, 0.182937], 
              [0.363117, 0.452198, 0.0918378, 0.0928468], 
              [0.363117, 0.542289, 0.00174775, 0.0928468], 
              [0.0928468, 0.632379, 0.272018, 0.00275675], 
              [0.363117, 0.362108, 0.181928, 0.0928468]
            ]
          }, {
            "db": 0,
            "id": "MA0076.2",
            "alt": "ELK4",
            "len": 11,
            "nsites": 3427,
            "url": "http://jaspar2022.genereg.net/matrix/MA0076.2",
            "pwm": [
              [0.0869634, 0.425438, 0.258533, 0.229065], 
              [0.1141, 0.555869, 0.166327, 0.163704], 
              [0.593514, 0.0423154, 0.302886, 0.0612851], 
              [8.92882e-06, 0.784342, 0.00467452, 0.210975], 
              [0.00234286, 5.66077e-06, 5.66077e-06, 0.997646], 
              [8.92882e-06, 5.66077e-06, 5.66077e-06, 0.99998], 
              [8.92882e-06, 0.999976, 5.66077e-06, 8.92882e-06], 
              [8.92882e-06, 0.999976, 5.66077e-06, 8.92882e-06], 
              [8.92882e-06, 5.66077e-06, 0.850579, 0.149407], 
              [8.92882e-06, 0.146193, 0.82957, 0.0242272], 
              [0.0846285, 0.365621, 0.194923, 0.354828]
            ]
          }, {
            "db": 0,
            "id": "MA0079.5",
            "alt": "SP1",
            "len": 9,
            "nsites": 1000,
            "url": "http://jaspar2022.genereg.net/matrix/MA0079.5",
            "pwm": [
              [0.00108549, 0.00107429, 0.950346, 0.0474939], 
              [0.00108549, 0.00107429, 0.996755, 0.00108549], 
              [0.00108549, 0.00107429, 0.996755, 0.00108549], 
              [0.00108549, 0.00107429, 0.996755, 0.00108549], 
              [0.266882, 0.730958, 0.00107429, 0.00108549], 
              [0.00108549, 0.00107429, 0.996755, 0.00108549], 
              [0.00108549, 0.0854539, 0.912375, 0.00108549], 
              [0.254224, 0.0517022, 0.659236, 0.0348371], 
              [0.161406, 0.00107429, 0.836434, 0.00108549]
            ]
          }, {
            "db": 0,
            "id": "MA0080.6",
            "alt": "Spi1",
            "len": 17,
            "nsites": 105198,
            "url": "http://jaspar2022.genereg.net/matrix/MA0080.6",
            "pwm": [
              [0.394485, 0.147037, 0.262961, 0.195517], 
              [0.35667, 0.141647, 0.348191, 0.153492], 
              [0.632436, 0.0652391, 0.216801, 0.0855242], 
              [0.782144, 0.0547351, 0.100895, 0.0622262], 
              [0.774359, 0.0221492, 0.0971501, 0.106342], 
              [0.0820932, 0.115981, 0.760337, 0.0415883], 
              [0.855072, 0.0246582, 0.0915991, 0.0286703], 
              [0.0387553, 0.00522818, 0.944504, 0.0115123], 
              [0.0192783, 0.00789918, 0.963734, 0.00908828], 
              [0.969713, 0.0104092, 0.0101052, 0.00977228], 
              [0.94611, 0.00910718, 0.0173202, 0.0274623], 
              [0.0723972, 0.0671781, 0.847354, 0.0130713], 
              [0.161572, 0.0353242, 0.0487461, 0.754358], 
              [0.0947932, 0.0577481, 0.792647, 0.0548112], 
              [0.220479, 0.11005, 0.548195, 0.121276], 
              [0.373828, 0.165716, 0.264958, 0.195498], 
              [0.355225, 0.162199, 0.249159, 0.233417]
            ]
          }, {
            "db": 0,
            "id": "MA0081.2",
            "alt": "SPIB",
            "len": 16,
            "nsites": 26930,
            "url": "http://jaspar2022.genereg.net/matrix/MA0081.2",
            "pwm": [
              [0.198552, 0.215262, 0.149499, 0.436688], 
              [0.173858, 0.307947, 0.168734, 0.349462], 
              [0.0809138, 0.23873, 0.118567, 0.561789], 
              [0.0140751, 0.89012, 0.0639065, 0.031899], 
              [0.903043, 0.0229866, 0.0248426, 0.049128], 
              [0.0088761, 0.844038, 0.0934274, 0.0536589], 
              [0.0167111, 0.00876369, 0.0058307, 0.968695], 
              [0.00705611, 0.00742769, 0.00902369, 0.976493], 
              [0.00765011, 0.970847, 0.0056817, 0.0158201], 
              [0.0102131, 0.946599, 0.0047907, 0.038397], 
              [0.032121, 0.167731, 0.0679175, 0.73223], 
              [0.037877, 0.74686, 0.0860014, 0.129262], 
              [0.184293, 0.145637, 0.0290016, 0.641068], 
              [0.105385, 0.201448, 0.0774974, 0.615669], 
              [0.154438, 0.223877, 0.0894544, 0.532231], 
              [0.1495, 0.318938, 0.15466, 0.376903]
            ]
          }, {
            "db": 0,
            "id": "MA0082.1",
            "alt": "squamosa",
            "len": 14,
            "nsites": 30,
            "url": "http://jaspar2022.genereg.net/matrix/MA0082.1",
            "pwm": [
              [0.366465, 0.465761, 0.0338668, 0.133907], 
              [0.00101661, 0.731541, 0.000644519, 0.266798], 
              [0.798359, 0.000644519, 0.133535, 0.0674621], 
              [0.532578, 0.06709, 0.0338668, 0.366465], 
              [0.765137, 0.000644519, 0.000644519, 0.233574], 
              [0.565801, 0.000644519, 0.000644519, 0.43291], 
              [0.798359, 0.0338668, 0.000644519, 0.16713], 
              [0.266798, 0.000644519, 0.0338668, 0.698691], 
              [0.466133, 0.0338668, 0.498983, 0.00101661], 
              [0.0342389, 0.0338668, 0.930877, 0.00101661], 
              [0.466133, 0.166758, 0.0338668, 0.333242], 
              [0.831581, 0.166758, 0.000644519, 0.00101661], 
              [0.698691, 0.06709, 0.100312, 0.133907], 
              [0.233574, 0.166758, 0.266426, 0.333242]
            ]
          }, {
            "db": 0,
            "id": "MA0098.3",
            "alt": "ETS1",
            "len": 10,
            "nsites": 3774,
            "url": "http://jaspar2022.genereg.net/matrix/MA0098.3",
            "pwm": [
              [0.710906, 0.0556477, 0.169582, 0.0638644], 
              [0.0565746, 0.843163, 0.0933407, 0.00692192], 
              [0.136441, 0.861298, 0.00225208, 8.10788e-06], 
              [8.10788e-06, 0.00777093, 0.992213, 8.10788e-06], 
              [8.10788e-06, 5.14031e-06, 0.995526, 0.00446099], 
              [0.999982, 5.14031e-06, 5.14031e-06, 8.10788e-06], 
              [0.7387, 0.00248307, 0.00853991, 0.250276], 
              [0.40589, 0.00773994, 0.581942, 0.00442799], 
              [0.0307503, 0.24594, 0.042836, 0.680474], 
              [0.299292, 0.149461, 0.403647, 0.1476]
            ]
          }, {
            "db": 0,
            "id": "MA0106.3",
            "alt": "TP53",
            "len": 18,
            "nsites": 17412,
            "url": "http://jaspar2022.genereg.net/matrix/MA0106.3",
            "pwm": [
              [0.433263, 0.0595578, 0.376923, 0.130256], 
              [0.761991, 0.00840807, 0.17633, 0.0532705], 
              [0.00218774, 0.956516, 0.000633111, 0.0406645], 
              [0.882011, 0.015082, 0.0482748, 0.0546324], 
              [0.0809903, 0.017714, 0.00649008, 0.894806], 
              [0.000393755, 9.91136e-05, 0.999505, 1.7574e-06], 
              [0.0125317, 0.616955, 0.00559808, 0.364916], 
              [0.0569244, 0.801276, 0.019331, 0.122469], 
              [0.0604394, 0.626812, 0.113539, 0.199209], 
              [0.22136, 0.0847276, 0.572166, 0.121746], 
              [0.151021, 0.0318569, 0.751977, 0.0651454], 
              [0.44012, 0.0016121, 0.546494, 0.0117727], 
              [1.7574e-06, 0.999737, 0.000208113, 5.37571e-05], 
              [0.892176, 0.017258, 0.0108381, 0.0797283], 
              [0.0917282, 0.00593208, 0.00447409, 0.897866], 
              [0.0155907, 0.00157411, 0.979592, 0.00324374], 
              [0.0396105, 0.150415, 0.00522808, 0.804746], 
              [0.0714573, 0.445776, 0.0400499, 0.442717]
            ]
          }, {
            "db": 0,
            "id": "MA0117.2",
            "alt": "Mafb",
            "len": 12,
            "nsites": 2183,
            "url": "http://jaspar2022.genereg.net/matrix/MA0117.2",
            "pwm": [
              [0.566639, 0.0797122, 0.149338, 0.204311], 
              [0.578815, 0.0554603, 0.0728745, 0.292852], 
              [0.49495, 0.0989964, 0.0834151, 0.322639], 
              [0.34097, 0.182402, 0.196609, 0.280019], 
              [0.0853091, 0.199677, 0.0100244, 0.70499], 
              [0.000921975, 0.0063636, 0.990432, 0.00228391], 
              [0.11853, 0.876626, 0.00201779, 0.00282589], 
              [0.0137854, 0.0160012, 0.000896846, 0.969317], 
              [0.0186852, 0.00540264, 0.905361, 0.0705498], 
              [0.980643, 0.00585162, 0.00764854, 0.00585675], 
              [0.0582144, 0.69777, 0.156702, 0.087314], 
              [0.26673, 0.063251, 0.296054, 0.373966]
            ]
          }, {
            "db": 0,
            "id": "MA0119.1",
            "alt": "NFIC::TLX1",
            "len": 14,
            "nsites": 16,
            "url": "http://jaspar2022.genereg.net/matrix/MA0119.1",
            "pwm": [
              [0.00190062, 0.00120497, 0.00120497, 0.995689], 
              [0.00190062, 0.00120497, 0.994994, 0.00190062], 
              [0.00190062, 0.00120497, 0.994994, 0.00190062], 
              [0.00190062, 0.994994, 0.00120497, 0.00190062], 
              [0.871466, 0.0633168, 0.00120497, 0.0640124], 
              [0.126124, 0.498099, 0.311764, 0.0640124], 
              [0.126124, 0.498099, 0.249652, 0.126124], 
              [0.436683, 0.0633168, 0.311764, 0.188236], 
              [0.250348, 0.18754, 0.125429, 0.436683], 
              [0.00190062, 0.00120497, 0.994994, 0.00190062], 
              [0.00190062, 0.994994, 0.00120497, 0.00190062], 
              [0.00190062, 0.994994, 0.00120497, 0.00190062], 
              [0.995689, 0.00120497, 0.00120497, 0.00190062], 
              [0.871466, 0.00120497, 0.0633168, 0.0640124]
            ]
          }, {
            "db": 0,
            "id": "MA0128.1",
            "alt": "EmBP-1",
            "len": 8,
            "nsites": 13,
            "url": "http://jaspar2022.genereg.net/matrix/MA0128.1",
            "pwm": [
              [0.689359, 0.00148092, 0.00148092, 0.307679], 
              [0.0786717, 0.535833, 0.306824, 0.0786717], 
              [0.994702, 0.00148092, 0.00148092, 0.00233588], 
              [0.00233588, 0.917512, 0.00148092, 0.0786717], 
              [0.00233588, 0.00148092, 0.993847, 0.00233588], 
              [0.00233588, 0.00148092, 0.00148092, 0.994702], 
              [0.00233588, 0.0778167, 0.917512, 0.00233588], 
              [0.00233588, 0.0778167, 0.917512, 0.00233588]
            ]
          }, {
            "db": 0,
            "id": "MA0149.1",
            "alt": "EWSR1-FLI1",
            "len": 18,
            "nsites": 105,
            "url": "http://jaspar2022.genereg.net/matrix/MA0149.1",
            "pwm": [
              [0.000291151, 0.000184586, 0.999233, 0.000291151], 
              [0.019321, 0.000184586, 0.980203, 0.000291151], 
              [0.989825, 0.000184586, 0.00969952, 0.000291151], 
              [0.989825, 0.000184586, 0.00969952, 0.000291151], 
              [0.00980609, 0.000184586, 0.989718, 0.000291151], 
              [0.019321, 0.000184586, 0.970689, 0.00980609], 
              [0.98031, 0.000184586, 0.0192145, 0.000291151], 
              [0.970796, 0.000184586, 0.0287284, 0.000291151], 
              [0.000291151, 0.000184586, 0.989718, 0.00980609], 
              [0.000291151, 0.0192145, 0.980203, 0.000291151], 
              [0.942251, 0.0382433, 0.0192145, 0.000291151], 
              [0.99934, 0.000184586, 0.000184586, 0.000291151], 
              [0.000291151, 0.000184586, 0.999233, 0.000291151], 
              [0.000291151, 0.0192145, 0.980203, 0.000291151], 
              [0.951766, 0.0287284, 0.000184586, 0.019321], 
              [0.970796, 0.000184586, 0.0192145, 0.00980609], 
              [0.0478648, 0.000184586, 0.923116, 0.028835], 
              [0.028835, 0.0287284, 0.923116, 0.019321]
            ]
          }, {
            "db": 0,
            "id": "MA0156.3",
            "alt": "FEV",
            "len": 12,
            "nsites": 14122,
            "url": "http://jaspar2022.genereg.net/matrix/MA0156.3",
            "pwm": [
              [0.361776, 0.185739, 0.32205, 0.130436], 
              [0.841125, 0.0270022, 0.0916307, 0.0402419], 
              [0.018513, 0.955944, 0.0214822, 0.00406114], 
              [0.0137651, 0.984498, 0.00173436, 2.16681e-06], 
              [2.16681e-06, 1.37374e-06, 0.999994, 2.16681e-06], 
              [0.00728212, 1.37374e-06, 0.990151, 0.00256515], 
              [0.991677, 0.00606033, 0.00154136, 0.000721162], 
              [0.930881, 0.0100263, 0.00135136, 0.0577428], 
              [0.224325, 0.0153563, 0.757673, 0.00264615], 
              [0.0105921, 0.15179, 0.0154323, 0.822185], 
              [0.236396, 0.222693, 0.402819, 0.138092], 
              [0.319457, 0.24956, 0.290669, 0.140314]
            ]
          }, {
            "db": 0,
            "id": "MA0162.4",
            "alt": "EGR1",
            "len": 14,
            "nsites": 30598,
            "url": "http://jaspar2022.genereg.net/matrix/MA0162.4",
